0
-0.035
-0.02
-0.035
-0.02
-0.035
-0.04
-0.055
-0.055
-0.055
-0.04
-0.04
-0.04
-0.04
-0.04
-0.04
-0.045
-0.01
-0.04
-0.045
-0.05
-0.05
-0.055
-0.07
-0.08
-0.07
-0.095
-0.095
-0.105
-0.115
-0.125
-0.125
-0.135
-0.135
-0.135
-0.13
-0.125
-0.125
-0.115
-0.115
-0.105
-0.095
-0.085
-0.085
-0.075
-0.07
-0.055
-0.05
-0.04
-0.045
-0.04
-0.04
-0.04
-0.04
-0.04
-0.04
-0.04
-0.04
-0.04
-0.04
-0.04
-0.04
-0.045
-0.04
-0.04
-0.045
-0.045
-0.04
-0.045
-0.05
-0.045
-0.045
-0.05
-0.05
-0.05
-0.05
-0.05
-0.05
-0.05
-0.05
-0.05
-0.05
-0.05
-0.05
-0.05
-0.055
-0.07
-0.075
-0.075
-0.08
-0.085
-0.09
-0.095
-0.1
-0.105
-0.105
-0.11
-0.115
-0.125
-0.125
-0.135
-0.135
-0.135
-0.135
-0.135
-0.125
-0.125
-0.115
-0.105
-0.095
-0.095
-0.085
-0.075
-0.075
-0.055
-0.05
-0.05
-0.05
-0.04
-0.04
-0.04
-0.04
-0.02
-0.02
-0.02
-0.02
-0.035
-0.035
-0.025
-0.02
-0.04
-0.02
-0.035
-0.02
-0.02
-0.035
-0.025
0.01
0.105
0.19
0.305
0.36
0.355
0.355
0.36
0.36
0.36
0.36
0.41
0.435
0.435
0.435
0.435
0.465
0.49
0.515
0.53
0.535
0.525
0.52
0.52
0.52
0.51
0.51
0.5
0.5
0.49
0.485
0.485
0.48
0.48
0.48
0.48
0.48
0.485
0.495
0.5
0.51
0.51
0.52
0.525
0.535
0.54
0.545
0.545
0.555
0.555
0.555
0.56
0.565
0.565
0.565
0.565
0.575
0.57
0.575
0.57
0.575
0.57
0.575
0.575
0.575
0.575
0.575
0.575
0.575
0.58
0.575
0.575
0.575
0.575
0.575
0.575
0.575
0.575
0.575
0.575
0.575
0.575
0.575
0.575
0.575
0.575
0.575
0.575
0.575
0.575
0.57
0.575
0.575
0.575
0.57
0.57
0.565
0.56
0.56
0.55
0.545
0.54
0.535
0.525
0.52
0.515
0.505
0.505
0.495
0.49
0.49
0.485
0.485
0.485
0.485
0.48
0.485
0.49
0.49
0.495
0.495
0.505
0.505
0.515
0.515
0.515
0.515
0.515
0.52
0.515
0.515
0.515
0.515
0.51
0.505
0.505
0.505
0.505
0.495
0.49
0.49
0.49
0.485
0.48
0.48
0.48
0.48
0.49
0.495
0.5
0.505
0.515
0.52
0.525
0.535
0.535
0.545
0.55
0.555
0.565
0.565
0.57
0.575
0.575
0.575
0.575
0.575
0.575
0.57
0.575
0.575
0.575
0.57
0.565
0.565
0.555
0.555
0.55
0.545
0.535
0.535
0.53
0.525
0.525
0.515
0.51
0.505
0.5
0.495
0.49
0.485
0.48
0.48
0.48
0.48
0.48
0.49
0.49
0.5
0.5
0.51
0.515
0.52
0.525
0.535
0.535
0.545
0.555
0.555
0.565
0.565
0.57
0.575
0.575
0.57
0.57
0.57
0.57
0.56
0.56
0.55
0.54
0.535
0.525
0.515
0.51
0.505
0.495
0.485
0.485
0.48
0.475
0.48
0.48
0.48
0.485
0.49
0.495
0.505
0.505
0.505
0.515
0.515
0.515
0.525
0.525
0.53
0.535
0.535
0.535
0.535
0.535
0.535
0.535
0.535
0.535
0.54
0.535
0.545
0.545
0.545
0.545
0.545
0.545
0.54
0.54
0.535
0.535
0.535
0.535
0.53
0.525
0.525
0.525
0.525
0.52
0.515
0.51
0.51
0.515
0.505
0.505
0.505
0.505
0.5
0.5
0.5
0.495
0.495
0.495
0.495
0.495
0.495
0.495
0.495
0.495
0.495
0.495
0.495
0.495
0.5
0.5
0.5
0.5
0.5
0.5
0.5
0.5
0.5
0.5
0.5
0.505
0.505
0.505
0.505
0.505
0.505
0.505
0.51
0.515
0.515
0.515
0.51
0.485
0.465
0.45
0.43
0.395
0.375
0.345
0.32
0.295
0.27
0.25
0.225
0.185
0.175
0.155
0.15
0.09
0.03
0
-0.01
-0.04
-0.075
-0.115
-0.155
-0.19
-0.22
-0.25
-0.265
-0.28
-0.295
-0.3
-0.31
-0.325
-0.33
-0.33
-0.34
-0.34
-0.33
-0.33
-0.33
-0.355
-0.375
-0.43
-0.465
-0.51
-0.55
-0.6
-0.635
-0.685
-0.725
-0.75
-0.795
-0.795
-0.79
-0.79
-0.79
-0.79
-0.8
-0.8
-0.8
-0.81
-0.81
-0.83
-0.85
-0.88
-0.925
-0.95
-0.985
-1.025
-1.055
-1.095
-1.13
-1.165
-1.18
-1.185
-1.195
-1.2
-1.2
-1.205
-1.205
-1.205
-1.205
-1.21
-1.21
-1.21
-1.205
-1.205
-1.205
-1.21
-1.205
-1.21
-1.2
-1.21
-1.21
-1.21
-1.205
-1.205
-1.205
-1.205
-1.205
-1.205
-1.205
-1.2
-1.2
-1.2
-1.195
-1.19
-1.185
-1.18
-1.175
-1.165
-1.155
-1.15
-1.14
-1.135
-1.125
-1.12
-1.12
-1.115
-1.115
-1.115
-1.115
-1.125
-1.13
-1.135
-1.145
-1.155
-1.165
-1.165
-1.175
-1.175
-1.185
-1.185
-1.195
-1.205
-1.205
-1.205
-1.205
-1.21
-1.205
-1.205
-1.205
-1.205
-1.2
-1.2
-1.2
-1.205
-1.205
-1.2
-1.195
-1.195
-1.195
-1.195
-1.195
-1.215
-1.215
-1.215
-1.215
-1.205
-1.205
-1.2
-1.2
-1.19
-1.19
-1.19
-1.18
-1.18
-1.18
-1.17
-1.17
-1.17
-1.16
-1.16
-1.16
-1.16
-1.16
-1.16
-1.16
-1.16
-1.16
-1.16
-1.16
-1.16
-1.16
-1.165
-1.165
-1.165
-1.17
-1.175
-1.18
-1.185
-1.185
-1.19
-1.195
-1.205
-1.205
-1.21
-1.215
-1.215
-1.225
-1.225
-1.225
-1.23
-1.23
-1.235
-1.225
-1.23
-1.23
-1.23
-1.225
-1.225
-1.225
-1.22
-1.22
-1.22
-1.22
-1.22
-1.22
-1.215
-1.215
-1.21
-1.21
-1.21
-1.21
-1.205
-1.21
-1.205
-1.205
-1.2
-1.2
-1.205
-1.2
-1.2
-1.205
-1.205
-1.21
-1.21
-1.21
-1.21
-1.215
-1.22
-1.22
-1.22
-1.22
-1.22
-1.22
-1.22
-1.08
-1.005
-1.005
-0.915
-0.76
-0.485
-0.01
0.195
0.455
0.715
0.98
1.235
1.325
1.325
1.33
1.335
1.345
1.35
1.36
1.36
1.37
1.37
1.37
1.37
1.375
1.375
1.37
1.37
1.37
1.365
1.365
1.355
1.35
1.345
1.34
1.335
1.335
1.33
1.33
1.325
1.325
1.325
1.325
1.325
1.315
1.315
1.315
1.315
1.325
1.325
1.32
1.325
1.325
1.325
1.325
1.325
1.33
1.33
1.335
1.335
1.335
1.34
1.345
1.345
1.345
1.35
1.355
1.355
1.36
1.365
1.36
1.345
1.325
1.3
1.27
1.205
1.195
1.14
1.095
1.06
1.02
1.005
1.005
1.005
1.005
1.005
1
0.995
0.995
0.99
0.985
0.985
0.98
0.975
0.975
0.965
0.935
0.93
0.93
0.93
0.925
0.925
0.925
0.91
0.9
0.89
0.875
0.83
0.8
0.775
0.765
0.755
0.75
0.74
0.74
0.74
0.75
0.745
0.75
0.75
0.75
0.75
0.75
0.755
0.76
0.76
0.76
0.76
0.76
0.76
0.75
0.75
0.745
0.745
0.725
0.715
0.69
0.675
0.665
0.645
0.635
0.625
0.62
0.61
0.61
0.6
0.6
0.6
0.6
0.59
0.585
0.59
0.59
0.6
0.595
0.595
0.6
0.595
0.595
0.595
0.6
0.595
0.595
0.595
0.59
0.585
0.585
0.575
0.575
0.575
0.565
0.565
0.565
0.565
0.565
0.565
0.575
0.585
0.59
0.595
0.6
0.61
0.62
0.63
0.63
0.64
0.64
0.65
0.65
0.65
0.65
0.65
0.65
0.64
0.63
0.62
0.61
0.6
0.59
0.58
0.57
0.565
0.565
0.555
0.555
0.555
0.565
0.575
0.585
0.59
0.595
0.605
0.61
0.625
0.63
0.64
0.645
0.65
0.65
0.65
0.65
0.645
0.645
0.64
0.64
0.62
0.615
0.61
0.6
0.595
0.585
0.575
0.575
0.565
0.565
0.565
0.565
0.565
0.565
0.565
0.565
0.565
0.565
0.565
0.565
0.565
0.565
0.565
0.565
0.565
0.57
0.575
0.575
0.575
0.58
0.575
0.535
0.485
0.44
0.355
0.13
-0.095
-0.25
-0.53
-0.765
-0.985
-1.23
-1.465
-1.63
-1.625
-1.625
-1.62
-1.615
-1.615
-1.615
-1.615
-1.605
-1.605
-1.605
-1.605
-1.605
-1.605
-1.605
-1.605
-1.605
-1.605
-1.61
-1.605
-1.615
-1.61
-1.615
-1.615
-1.625
-1.63
-1.635
-1.645
-1.65
-1.655
-1.655
-1.655
-1.655
-1.655
-1.655
-1.65
-1.65
-1.66
-1.66
-1.665
-1.66
-1.66
-1.655
-1.665
-1.665
-1.665
-1.665
-1.665
-1.665
-1.665
-1.665
-1.665
-1.665
-1.665
-1.665
-1.665
-1.665
-1.665
-1.665
-1.665
-1.665
-1.665
-1.665
-1.67
-1.675
-1.68
-1.685
-1.685
-1.685
-1.69
-1.695
-1.695
-1.7
-1.705
-1.705
-1.705
-1.705
-1.71
-1.715
-1.715
-1.715
-1.715
-1.725
-1.725
-1.725
-1.735
-1.71
-1.74
-1.74
-1.745
-1.745
-1.745
-1.75
-1.745
-1.745
-1.745
-1.735
-1.735
-1.725
-1.72
-1.71
-1.695
-1.685
-1.685
-1.67
-1.665
-1.67
-1.66
-1.66
-1.66
-1.66
-1.665
-1.665
-1.67
-1.675
-1.68
-1.685
-1.695
-1.705
-1.705
-1.71
-1.715
-1.725
-1.725
-1.73
-1.735
-1.74
-1.74
-1.74
-1.74
-1.74
-1.735
-1.73
-1.73
-1.725
-1.725
-1.705
-1.705
-1.695
-1.695
-1.685
-1.65
-1.64
-1.64
-1.63
-1.625
-1.62
-1.62
-1.62
-1.615
-1.615
-1.615
-1.61
-1.615
-1.62
-1.625
-1.635
-1.64
-1.65
-1.655
-1.66
-1.665
-1.675
-1.68
-1.69
-1.695
-1.7
-1.7
-1.7
-1.7
-1.695
-1.695
-1.685
-1.685
-1.675
-1.675
-1.665
-1.665
-1.66
-1.655
-1.65
-1.65
-1.645
-1.64
-1.64
-1.64
-1.64
-1.64
-1.635
-1.635
-1.635
-1.635
-1.635
-1.635
-1.635
-1.635
-1.645
-1.645
-1.645
-1.645
-1.645
-1.655
-1.655
-1.655
-1.655
-1.655
-1.655
-1.655
-1.655
-1.65
-1.65
-1.645
-1.64
-1.635
-1.63
-1.63
-1.62
-1.62
-1.61
-1.61
-1.61
-1.61
-1.61
-1.61
-1.61
-1.615
-1.62
-1.63
-1.64
-1.645
-1.655
-1.66
-1.665
-1.675
-1.685
-1.69
-1.695
-1.695
-1.695
-1.685
-1.685
-1.68
-1.67
-1.66
-1.655
-1.645
-1.635
-1.625
-1.625
-1.615
-1.615
-1.615
-1.61
-1.61
-1.615
-1.615
-1.62
-1.625
-1.635
-1.64
-1.65
-1.65
-1.66
-1.665
-1.67
-1.68
-1.68
-1.68
-1.675
-1.685
-1.685
-1.685
-1.685
-1.685
-1.67
-1.67
-1.67
-1.675
-1.67
-1.67
-1.67
-1.66
-1.665
-1.66
-1.66
-1.66
-1.66
-1.66
-1.65
-1.66
-1.655
-1.66
-1.655
-1.655
-1.655
-1.655
-1.655
-1.655
-1.655
-1.66
-1.66
-1.67
-1.665
-1.685
-1.675
-1.685
-1.685
-1.675
-1.695
-1.695
-1.675
-1.695
-1.695
-1.695
-1.695
-1.695
-1.695
-1.695
-1.695
-1.685
-1.685
-1.68
-1.69
-1.69
-1.69
-1.69
-1.685
-1.685
-1.68
-1.68
-1.675
-1.675
-1.67
-1.665
-1.645
-1.64
-1.64
-1.635
-1.63
-1.625
-1.615
-1.615
-1.61
-1.605
-1.605
-1.6
-1.6
-1.6
-1.6
-1.6
-1.6
-1.595
-1.595
-1.595
-1.595
-1.595
-1.595
-1.59
-1.59
-1.585
-1.59
-1.595
-1.595
-1.595
-1.605
-1.605
-1.605
-1.615
-1.615
-1.625
-1.625
-1.635
-1.64
-1.645
-1.65
-1.66
-1.66
-1.67
-1.67
-1.675
-1.67
-1.675
-1.67
-1.67
-1.665
-1.655
-1.65
-1.645
-1.64
-1.625
-1.62
-1.615
-1.61
-1.605
-1.6
-1.6
-1.6
-1.59
-1.59
-1.59
-1.59
-1.59
-1.59
-1.58
-1.555
-1.495
-1.475
-1.45
-1.415
-1.4
-1.38
-1.38
-1.38
-1.39
-1.39
-1.39
-1.395
-1.405
-1.41
-1.415
-1.42
-1.42
-1.42
-1.43
-1.43
-1.435
-1.43
-1.425
-1.415
-1.415
-1.41
-1.39
-1.385
-1.365
-1.365
-1.365
-1.36
-1.365
-1.365
-1.36
-1.36
-1.36
-1.36
-1.36
-1.355
-1.35
-1.35
-1.35
-1.35
-1.345
-1.34
-1.33
-1.325
-1.315
-1.315
-1.3
-1.295
-1.29
-1.28
-1.28
-1.275
-1.27
-1.265
-1.27
-1.265
-1.265
-1.27
-1.275
-1.28
-1.29
-1.295
-1.3
-1.31
-1.32
-1.32
-1.33
-1.33
-1.34
-1.345
-1.35
-1.35
-1.35
-1.35
-1.35
-1.35
-1.35
-1.345
-1.34
-1.34
-1.34
-1.335
-1.33
-1.32
-1.32
-1.315
-1.31
-1.3
-1.295
-1.285
-1.285
-1.275
-1.28
-1.28
-1.28
-1.28
-1.28
-1.28
-1.28
-1.285
-1.29
-1.3
-1.3
-1.31
-1.32
-1.325
-1.33
-1.335
-1.345
-1.345
-1.355
-1.36
-1.36
-1.36
-1.355
-1.34
-1.33
-1.315
-1.305
-1.295
-1.285
-1.27
-1.26
-1.25
-1.24
-1.225
-1.22
-1.215
-1.215
-1.205
-1.205
-1.205
-1.205
-1.205
-1.205
-1.235
-1.265
-1.28
-1.305
-1.33
-1.345
-1.35
-1.355
-1.355
-1.36
-1.365
-1.36
-1.36
-1.36
-1.36
-1.365
-1.36
-1.365
-1.385
-1.42
-1.47
-1.55
-1.595
-1.65
-1.695
-1.745
-1.795
-1.89
-1.92
-1.965
-2.02
-2.035
-2.04
-2.05
-2.05
-2.05
-2.055
-2.055
-2.065
-2.065
-2.065
-2.075
-2.07
-2.07
-2.07
-2.07
-2.07
-2.07
-2.07
-2.07
-2.07
-2.07
-2.065
-2.065
-2.065
-2.06
-2.055
-2.055
-2.05
-2.045
-2.045
-2.045
-2.035
-2.03
-2.025
-2.02
-2.02
-2.01
-2.01
-2.01
-2
-2
-2
-2
-2
-2
-1.995
-1.99
-1.99
-1.99
-1.99
-1.99
-1.99
-1.985
-1.99
-1.99
-1.985
-1.985
-1.985
-1.985
-1.985
-1.985
-1.985
-1.99
-1.985
-1.985
-1.985
-1.985
-1.985
-1.99
-1.99
-1.985
-1.99
-1.99
-1.99
-1.99
-1.99
-1.99
-1.995
-2
-2.025
-2.02
-2.03
-2.04
-2.045
-2.055
-2.065
-2.065
-2.075
-2.075
-2.085
-2.08
-2.085
-2.065
-2.06
-2.065
-2.065
-2.055
-2.035
-2.045
-2.04
-2.035
-2.025
-2.015
-2.01
-2.005
-2
-2.005
-2
-2.02
-2.005
-2.005
-2.01
-2.015
-2.025
-2.04
-2.05
-2.055
-2.065
-2.075
-2.08
-2.085
-2.085
-2.09
-2.08
-2.08
-2.07
-2.06
-2.055
-2.05
-2.04
-2.035
-2.025
-2.015
-2.015
-2.005
-2.005
-2.005
-2.005
-2.005
-2.005
-2.01
-2.01
-2.02
-2.025
-2.035
-2.045
-2.055
-2.055
-2.065
-2.075
-2.08
-2.085
-2.09
-2.095
-2.09
-2.08
-2.07
-2.065
-2.06
-2.05
-2.045
-2.04
-2.03
-2.025
-2.015
-2.01
-2.01
-2.005
-2.005
-2.005
-2.005
-2.005
-2.005
-2.015
-2.015
-2.03
-2.035
-2.045
-2.05
-2.06
-2.065
-2.07
-2.075
-2.08
-2.08
-2.085
-2.09
-2.09
-2.09
-2.08
-2.08
-2.07
-2.065
-2.065
-2.06
-2.055
-2.055
-2.055
-2.045
-2.045
-2.035
-2.035
-2.025
-2.025
-2.015
-2.01
-2
-2
-2
-1.99
-1.99
-1.985
-1.985
-1.985
-1.985
-1.985
-1.985
-1.985
-1.99
-1.995
-1.995
-2.005
-2.015
-2.015
-2.025
-2.03
-2.035
-2.035
-2.04
-2.04
-2.05
-2.05
-2.05
-2.055
-2.055
-2.055
-2.05
-2.05
-2.05
-2.05
-2.045
-2.035
-2.035
-2.03
-2.025
-2.025
-2.02
-2.015
-2.015
-2.005
-2.005
-1.995
-1.995
-1.99
-1.985
-1.98
-1.975
-1.98
-1.97
-1.97
-1.97
-1.965
-1.965
-1.965
-1.965
-1.965
-1.965
-1.965
-1.965
-1.965
-1.965
-1.965
-1.965
-1.965
-1.965
-1.965
-1.965
-1.965
-1.965
-1.965
-1.965
-1.965
-1.965
-1.97
-1.97
-1.97
-1.975
-1.975
-1.98
-1.985
-1.99
-1.99
-1.995
-2.005
-2.005
-2.01
-2.015
-2.02
-2.025
-2.025
-2.035
-2.045
-2.045
-2.045
-2.045
-2.045
-2.045
-2.045
-2.035
-2.035
-2.025
-2.015
-2.01
-2
-1.99
-1.98
-1.975
-1.97
-1.97
-1.965
-1.96
-1.965
-1.965
-1.965
-1.975
-1.975
-1.985
-1.985
-1.995
-2.005
-2.015
-2.025
-2.025
-2.035
-2.045
-2.05
-2.05
-2.05
-2.045
-2.04
-2.035
-2.03
-2.015
-2.015
-2.005
-1.995
-1.985
-1.98
-1.975
-1.97
-1.97
-1.97
-1.97
-1.97
-1.965
-1.97
-1.97
-1.975
-1.98
-1.985
-1.99
-1.995
-2.005
-2.015
-2.015
-2.02
-2.025
-2.035
-2.045
-2.045
-2.055
-2.05
-2.045
-2.045
-2.045
-2.035
-2.025
-2.015
-2.005
-1.995
-1.98
-1.97
-1.97
-1.965
-1.965
-1.96
-1.965
-1.965
-1.97
-1.975
-1.98
-1.985
-1.995
-2.005
-2.005
-2.015
-2.025
-2.03
-2.035
-2.045
-2.045
-2.05
-2.045
-2.045
-2.035
-2.03
-2.025
-2.015
-2.005
-1.995
-1.985
-1.98
-1.97
-1.97
-1.97
-1.965
-1.97
-1.97
-1.97
-1.975
-1.985
-1.995
-2
-2.01
-2.015
-2.025
-2.03
-2.035
-2.045
-2.055
-2.055
-2.05
-2.045
-2.04
-2.03
-2.025
-2.015
-2.005
-1.995
-1.98
-1.975
-1.97
-1.97
-1.97
-1.96
-1.965
-1.965
-1.97
-1.975
-1.98
-1.99
-1.995
-2.005
-2.005
-2.015
-2.02
-2.025
-2.035
-2.045
-2.045
-2.045
-2.045
-2.045
-2.035
-2.03
-2.025
-2.015
-2.005
-1.995
-1.99
-1.98
-1.97
-1.97
-1.97
-1.96
-1.965
-1.965
-1.965
-1.975
-1.975
-1.985
-1.995
-2
-2.01
-2.015
-2.015
-2.025
-2.03
-2.035
-2.045
-1.795
-1.73
-1.57
-1.26
-1.015
-0.35
0.075
0.49
0.895
1.285
1.725
2.16
2.33
2.335
2.34
2.34
2.34
2.345
2.345
2.34
2.33
2.33
2.33
2.32
2.32
2.31
2.3
2.3
2.29
2.285
2.275
2.275
2.265
2.265
2.265
2.265
2.27
2.275
2.285
2.29
2.295
2.31
2.32
2.33
2.34
2.345
2.35
2.35
2.35
2.35
2.35
2.35
2.345
2.33
2.325
2.315
2.31
2.305
2.295
2.285
2.285
2.275
2.27
2.26
2.26
2.265
2.265
2.27
2.275
2.28
2.285
2.295
2.305
2.305
2.315
2.325
2.33
2.34
2.34
2.35
2.35
2.33
2.34
2.34
2.335
2.33
2.32
2.31
2.31
2.3
2.295
2.285
2.3
2.275
2.265
2.26
2.28
2.26
2.265
2.27
2.275
2.275
2.285
2.22
2.18
2.12
2.04
1.97
1.91
1.865
1.82
1.78
1.78
1.77
1.76
1.77
1.765
1.765
1.745
1.745
1.73
1.73
1.72
1.71
1.72
1.71
1.695
1.69
1.7
1.675
1.675
1.665
1.685
1.655
1.625
1.625
1.635
1.635
1.635
1.64
1.645
1.65
1.65
1.66
1.68
1.665
1.665
1.67
1.67
1.67
1.685
1.675
1.675
1.675
1.69
1.68
1.69
1.695
1.695
1.695
1.68
1.695
1.685
1.69
1.68
1.68
1.68
1.68
1.68
1.675
1.675
1.675
1.675
1.675
1.675
1.675
1.675
1.675
1.665
1.665
1.665
1.675
1.675
1.675
1.665
1.665
1.665
1.675
1.665
1.665
1.675
1.665
1.675
1.675
1.675
1.675
1.675
1.675
1.675
1.68
1.675
1.68
1.675
1.68
1.68
1.68
1.68
1.68
1.68
1.68
1.68
1.69
1.68
1.68
1.68
1.67
1.67
1.67
1.67
1.67
1.66
1.66
1.66
1.655
1.65
1.64
1.64
1.635
1.63
1.625
1.625
1.625
1.625
1.625
1.625
1.625
1.625
1.635
1.635
1.635
1.645
1.645
1.645
1.645
1.655
1.655
1.655
1.655
1.655
1.66
1.665
1.665
1.665
1.66
1.66
1.655
1.66
1.66
1.655
1.655
1.655
1.655
1.65
1.65
1.645
1.645
1.64
1.635
1.635
1.625
1.625
1.625
1.625
1.625
1.63
1.64
1.64
1.65
1.45
1.305
0.98
0.715
0.435
0.05
-0.355
-0.75
-1.16
-1.58
-2.015
-2.455
-2.67
-2.67
-2.67
-2.67
-2.675
-2.675
-2.675
-2.67
-2.67
-2.67
-2.67
-2.67
-2.675
-2.675
-2.675
-2.675
-2.675
-2.675
-2.675
-2.675
-2.68
-2.685
-2.685
-2.685
-2.685
-2.685
-2.69
-2.695
-2.7
-2.705
-2.705
-2.71
-2.715
-2.715
-2.725
-2.725
-2.725
-2.725
-2.725
-2.72
-2.72
-2.72
-2.71
-2.71
-2.7
-2.7
-2.695
-2.69
-2.685
-2.68
-2.68
-2.68
-2.675
-2.67
-2.67
-2.67
-2.68
-2.68
-2.68
-2.685
-2.69
-2.695
-2.695
-2.705
-2.705
-2.715
-2.72
-2.725
-2.73
-2.755
-2.73
-2.73
-2.745
-2.725
-2.725
-2.725
-2.72
-2.715
-2.715
-2.705
-2.7
-2.695
-2.69
-2.67
-2.685
-2.665
-2.68
-2.675
-2.675
-2.67
-2.645
-2.61
-2.56
-2.525
-2.495
-2.485
-2.445
-2.42
-2.39
-2.4
-2.39
-2.39
-2.39
-2.39
-2.39
-2.39
-2.375
-2.355
-2.355
-2.33
-2.325
-2.275
-2.27
-2.285
-2.295
-2.305
-2.305
-2.31
-2.315
-2.315
-2.32
-2.325
-2.325
-2.325
-2.32
-2.315
-2.315
-2.31
-2.305
-2.3
-2.295
-2.295
-2.295
-2.29
-2.285
-2.285
-2.285
-2.28
-2.28
-2.275
-2.275
-2.275
-2.275
-2.275
-2.275
-2.275
-2.275
-2.28
-2.265
-2.285
-2.28
-2.28
-2.285
-2.285
-2.285
-2.285
-2.285
-2.285
-2.27
-2.29
-2.295
-2.295
-2.295
-2.295
-2.295
-2.295
-2.295
-2.295
-2.295
-2.295
-2.3
-2.3
-2.3
-2.3
-2.3
-2.29
-2.295
-2.29
-2.3
-2.295
-2.285
-2.285
-2.285
-2.285
-2.285
-2.28
-2.28
-2.28
-2.28
-2.28
-2.28
-2.28
-2.36
-2.49
-2.58
-2.665
-2.75
-2.88
-2.99
-3.1
-3.205
-3.325
-3.45
-3.505
-3.515
-3.51
-3.51
-3.505
-3.51
-3.505
-3.505
-3.51
-3.51
-3.505
-3.505
-3.515
-3.635
-3.71
-3.82
-3.88
-3.945
-4.03
-4.11
-4.175
-4.255
-4.26
-4.265
-4.255
-4.245
-4.25
-4.25
-4.25
-4.25
-4.25
-4.25
-4.25
-4.25
-4.25
-4.245
-4.245
-4.24
-4.24
-4.24
-4.24
-4.235
-4.23
-4.23
-4.23
-4.225
-4.22
-4.22
-4.22
-4.22
-4.22
-4.215
-4.215
-4.21
-4.21
-4.21
-4.205
-4.205
-4.205
-4.2
-4.195
-4.2
-4.2
-4.19
-4.195
-4.19
-4.195
-4.19
-4.19
-4.19
-4.19
-4.19
-4.19
-4.19
-4.19
-4.19
-4.19
-4.19
-4.19
-4.19
-4.19
-4.195
-4.195
-3.465
-4.195
-4.205
-4.205
-4.205
-4.205
-4.205
-4.205
-4.205
-4.21
-4.21
-4.215
-4.215
-4.215
-4.215
-4.215
-4.215
-4.22
-4.225
-4.225
-4.225
-4.225
-4.225
-4.225
-4.225
-4.225
-4.225
-4.225
-4.225
-4.225
-4.225
-4.225
-4.225
-4.225
-4.225
-4.23
-4.235
-4.23
-4.235
-4.23
-4.235
-4.235
-4.235
-4.235
-4.235
-4.235
-4.23
-4.23
-4.225
-4.225
-4.225
-4.225
-4.225
-4.225
-4.22
-4.215
-4.215
-4.215
-4.215
-4.215
-4.21
-4.205
-4.21
-4.205
-4.205
-4.205
-4.205
-4.205
-4.205
-4.205
-4.205
-4.205
-4.205
-4.205
-4.205
-4.215
-4.21
-4.215
-4.215
-4.21
-4.21
-4.215
-4.215
-4.215
-4.215
-4.215
-4.215
-4.215
-4.22
-4.22
-4.22
-4.22
-4.22
-4.22
-4.22
-4.215
-4.215
-4.215
-4.215
-4.215
-4.215
-4.215
-4.215
-4.215
-4.21
-4.21
-4.215
-4.21
-4.21
-4.22
-4.215
-4.22
-4.22
-4.22
-4.22
-4.22
-4.22
-4.225
-4.225
-4.225
-4.225
-4.225
-4.23
-4.23
-4.225
-4.22
-4.21
-4.2
-4.2
-4.195
-4.185
-4.185
-4.17
-4.16
-4.16
-4.16
-4.16
-4.16
-4.16
-4.16
-4.16
-4.16
-4.16
-4.16
-4.165
-4.16
-4.16
-4.165
-4.16
-4.165
-4.165
-4.165
-4.16
-4.16
-4.165
-4.16
-4.165
-4.165
-4.165
-4.165
-4.165
-4.165
-4.165
-4.165
-4.16
-4.155
-4.155
-4.145
-4.145
-4.14
-4.135
-4.135
-4.125
-4.125
-4.125
-4.12
-4.115
-4.115
-4.115
-4.115
-4.115
-4.12
-4.12
-4.125
-4.13
-4.135
-4.14
-4.14
-4.145
-4.15
-4.155
-4.16
-4.16
-4.16
-4.16
-4.165
-4.165
-4.165
-4.165
-4.165
-4.16
-4.16
-4.165
-4.165
-4.165
-4.16
-4.16
-4.165
-4.165
-4.165
-4.165
-4.165
-4.165
-4.165
-4.16
-4.16
-4.15
-4.15
-4.14
-4.14
-4.13
-4.125
-4.12
-4.12
-4.115
-4.115
-4.115
-4.115
-4.115
-4.115
-4.115
-4.115
-4.115
-4.115
-4.115
-3.44
-2.96
-2.55
-2.1
-1.15
-0.44
0.3
1.015
1.745
2.45
3.245
3.975
4.045
4.045
4.035
4.04
4.035
4.035
4.035
4.015
4.03
4.03
4.025
4.03
4.025
4.025
4.025
4.025
4.01
4.025
4.03
4.01
4.035
4.01
4.035
4.035
4.035
4.035
4.045
4.045
4.045
4.045
4.05
4.045
4.055
4.055
4.055
4.055
4.055
4.055
4.055
4.055
4.05
4.045
4.045
4.045
4.035
4.035
4.035
4.025
4.025
4.025
4.025
4.03
4.035
4.035
4.05
4.055
4.06
4.06
4.075
4.07
4.07
4.07
4.075
4.08
4.08
4.08
4.08
4.08
4.085
4.08
4.08
4.075
4.075
4.075
4.075
4.07
4.065
4.065
4.065
4.065
4.055
4.055
4.055
4.055
4.05
4.05
4.05
4.045
4.045
4.045
4.045
4.045
4.045
4.045
4.045
4.045
4.045
4.045
4.045
4.045
4.045
4.045
4.045
4.04
4.04
4.035
4.01
4.035
4.04
4.035
4.035
4.035
4.03
4.005
4.03
4.015
4.01
3.98
3.965
3.925
3.92
3.88
3.85
3.83
3.815
3.8
3.78
3.76
3.755
3.755
3.745
3.74
3.74
3.74
3.74
3.74
3.745
3.745
3.75
3.755
3.755
3.755
3.755
3.755
3.76
3.76
3.76
3.755
3.76
3.76
3.76
3.76
3.76
3.76
3.765
3.765
3.765
3.77
3.77
3.77
3.77
3.775
3.775
3.78
3.78
3.785
3.785
3.79
3.79
3.795
3.795
3.795
3.795
3.805
3.8
3.8
3.77
3.755
3.735
3.7
3.655
3.64
3.635
3.625
3.62
3.615
3.61
3.605
3.6
3.6
3.595
3.59
3.59
3.59
3.59
3.58
3.58
3.585
3.58
3.58
3.585
3.585
3.58
3.59
3.59
3.59
3.59
3.59
3.59
3.595
3.58
3.56
3.545
3.525
3.5
3.48
3.465
3.425
3.405
3.37
3.365
3.36
3.355
3.34
3.335
3.325
3.32
3.315
3.31
3.305
3.3
3.3
3.29
3.29
3.285
3.28
3.275
3.275
3.275
3.275
3.275
3.285
3.285
3.29
3.295
3.3
3.305
3.31
3.315
3.32
3.325
3.325
3.35
3.4
3.415
3.435
3.475
3.5
3.525
3.57
3.585
3.62
3.635
3.635
3.63
3.625
3.595
3.595
3.615
3.605
3.605
3.605
3.605
3.605
3.61
3.6
3.62
3.62
3.63
3.63
3.64
3.645
3.65
3.655
3.66
3.665
3.665
3.69
3.855
3.915
3.96
3.98
4.005
4.045
4.08
4.135
4.13
4.13
4.125
4.115
4.105
4.055
4.035
4.02
4
3.975
3.965
3.94
3.94
3.95
3.95
3.96
3.98
3.97
3.97
3.99
3.995
3.995
4
4
4.025
4.035
4.04
4.045
4.04
4.025
4.035
4.03
4.03
4.02
4.02
4.015
4.01
4.005
4
3.975
4
3.995
3.995
4.01
4.01
4.015
4.02
4.025
4.03
4.04
4.05
4.045
4.045
4.055
4.06
4.065
4.065
4.065
4.06
4.05
4.06
4.05
4.045
4.04
4.035
4.03
4
4.025
3.99
3.99
3.99
4.01
4
4.02
4.02
4.025
4.03
4.03
4.04
4.045
4.06
4.07
4.06
4.075
4.065
4.07
4.065
4.065
4.06
4.06
4.05
4.055
4.05
4.04
4.04
4.03
4.035
4.03
4.02
4
4.015
4.01
4.01
4.015
4.01
4.02
4.025
4.03
4.035
4.04
4.05
3.935
3.75
3.48
3.16
2.79
2.635
2.445
2.14
1.935
1.7
1.485
1.185
0.88
0.55
0.26
-0.12
-0.47
-0.79
-1.15
-1.445
-1.795
-2.145
-2.5
-2.85
-3.2
-3.55
-3.925
-4.275
-4.625
-5.005
-5.13
-5.115
-5.07
-5.055
-5.045
-5.035
-5.03
-5.03
-5.025
-5.03
-5.02
-5.015
-5.015
-5.015
-5.01
-5.015
-5.025
-5.035
-5.045
-5.06
-5.085
-5.105
-5.1
-5.1
-5.105
-5.12
-5.12
-5.12
-5.12
-5.12
-5.125
-5.125
-5.12
-5.125
-5.115
-5.115
-5.12
-5.105
-5.13
-5.12
-5.125
-5.125
-5.09
-5.01
-4.96
-4.895
-4.835
-4.775
-4.685
-4.62
-4.535
-4.465
-4.395
-4.325
-4.255
-4.235
-4.235
-4.215
-4.2
-4.215
-4.215
-4.215
-4.215
-4.215
-4.215
-4.215
-4.215
-4.215
-4.22
-4.22
-4.22
-4.225
-4.225
-4.225
-4.23
-4.23
-4.23
-4.23
-4.23
-4.23
-4.23
-4.23
-4.23
-4.23
-4.23
-4.225
-4.225
-4.23
-4.225
-4.225
-4.225
-4.225
-4.225
-4.225
-4.225
-4.225
-4.225
-4.225
-4.185
-4.06
-3.995
-3.935
-3.89
-3.835
-3.8
-3.755
-3.705
-3.665
-3.65
-3.635
-3.62
-3.62
-3.62
-3.625
-3.63
-3.63
-3.66
-3.635
-3.64
-3.64
-3.64
-3.64
-3.64
-3.64
-3.635
-3.635
-3.63
-3.63
-3.625
-3.62
-3.62
-3.62
-3.62
-3.615
-3.615
-3.615
-3.615
-3.615
-3.61
-3.61
-3.6
-3.605
-3.605
-3.605
-3.605
-3.605
-3.6
-3.6
-3.595
-3.595
-3.595
-3.595
-3.595
-3.595
-3.59
-3.59
-3.585
-3.59
-3.585
-3.59
-3.59
-3.59
-3.585
-3.585
-3.59
-3.59
-3.595
-3.6
-3.6
-3.605
-3.605
-3.615
-3.615
-3.62
-3.625
-3.63
-3.63
-3.63
-3.625
-3.625
-3.625
-3.625
-3.615
-3.615
-3.61
-3.605
-3.605
-3.605
-3.605
-3.605
-3.605
-3.6
-3.595
-3.595
-3.595
-3.595
-3.595
-3.595
-3.595
-3.595
-3.595
-3.595
-3.605
-3.605
-3.745
-3.865
-3.94
-4.01
-4.095
-4.185
-4.285
-4.37
-4.46
-4.59
-4.685
-4.81
-4.88
-4.875
-4.845
-4.84
-4.84
-4.855
-4.83
-4.82
-4.82
-4.815
-4.825
-4.81
-4.815
-4.81
-4.805
-4.855
-4.985
-5.095
-5.18
-5.285
-5.375
-5.475
-5.56
-5.685
-5.755
-5.875
-5.895
-5.905
-5.91
-5.905
-5.92
-5.925
-5.93
-5.93
-5.935
-5.935
-5.945
-5.94
-5.935
-5.935
-5.935
-5.925
-5.925
-5.915
-5.915
-5.915
-5.905
-5.905
-5.895
-5.895
-5.895
-5.89
-5.89
-5.89
-5.89
-5.89
-5.89
-5.89
-5.9
-5.9
-5.9
-5.905
-5.91
-5.915
-5.92
-5.925
-5.935
-5.94
-5.95
-5.95
-5.955
-5.96
-5.96
-5.96
-5.96
-5.96
-5.96
-5.955
-5.955
-5.95
-5.95
-5.945
-5.945
-5.965
-5.96
-5.96
-5.96
-5.96
-5.955
-5.935
-5.915
-5.87
-5.84
-5.8
-5.75
-5.75
-5.745
-5.75
-5.745
-5.745
-5.745
-5.745
-5.74
-5.735
-5.735
-5.72
-5.72
-5.72
-5.715
-5.715
-5.71
-5.705
-5.71
-5.705
-5.71
-5.71
-5.71
-5.71
-5.7
-5.695
-5.69
-5.68
-5.68
-5.67
-5.675
-5.675
-5.67
-5.67
-5.67
-5.675
-5.68
-5.68
-5.68
-5.69
-5.69
-5.69
-5.695
-5.7
-5.7
-5.705
-5.705
-5.705
-5.705
-5.715
-5.71
-5.715
-5.715
-5.715
-5.715
-5.71
-5.71
-5.705
-5.705
-5.705
-5.705
-5.705
-5.705
-5.705
-5.725
-5.7
-5.705
-5.705
-5.705
-5.705
-5.705
-5.705
-5.71
-5.71
-5.71
-5.73
-5.71
-5.705
-5.705
-5.7
-5.7
-5.7
-5.69
-5.68
-5.68
-5.665
-5.67
-5.67
-5.67
-5.67
-5.66
-5.665
-5.66
-5.66
-5.665
-5.67
-5.67
-5.67
-5.675
-5.675
-5.675
-5.685
-5.685
-5.69
-5.695
-5.695
-5.705
-5.705
-5.73
-5.73
-5.73
-5.715
-5.715
-5.73
-5.705
-5.705
-5.715
-5.71
-5.7
-5.695
-5.69
-5.685
-5.68
-5.68
-5.68
-5.68
-5.68
-5.665
-5.67
-5.655
-5.015
-4.6
-4.28
-3.97
-3.675
-3.4
-3.025
-2.655
-2.34
-1.595
-1.09
-0.635
-0.15
0.285
0.76
1.245
1.735
2.195
2.675
3.17
3.645
4.13
4.61
5.1
5.605
6.085
6.57
7.05
7.505
7.975
7.995
7.985
7.995
7.995
8.01
7.995
7.995
8.005
8
7.995
7.995
7.995
7.99
7.985
7.985
7.985
7.98
7.975
7.93
7.905
7.875
7.84
7.805
7.79
7.775
7.76
7.735
7.72
7.695
7.685
7.68
7.67
7.665
7.655
7.65
7.65
7.65
7.65
7.64
7.645
7.64
7.675
7.645
7.65
7.685
7.66
7.515
7.405
7.275
7.125
7.015
6.865
6.75
6.59
6.42
6.27
6.095
5.925
5.855
5.855
5.855
5.845
5.845
5.845
5.835
5.825
5.825
5.825
5.815
5.815
5.81
5.805
5.805
5.805
5.805
5.8
5.795
5.775
5.76
5.75
5.735
5.72
5.715
5.71
5.705
5.705
5.705
5.68
5.705
5.705
5.705
5.705
5.705
5.71
5.715
5.715
5.72
5.725
5.73
5.73
5.735
5.74
5.74
5.745
5.75
5.75
5.76
5.76
5.76
5.76
5.755
5.755
5.75
5.74
5.745
5.735
5.735
5.735
5.725
5.7
5.7
5.7
5.715
5.705
5.71
5.705
5.685
5.705
5.705
5.705
5.7
5.72
5.72
5.73
5.73
5.735
5.74
5.74
5.75
5.75
5.75
5.76
5.76
5.76
5.76
5.76
5.755
5.755
5.745
5.75
5.745
5.74
5.735
5.735
5.735
5.725
5.725
5.725
5.7
5.72
5.715
5.715
5.71
5.705
5.705
5.705
5.705
5.705
5.705
5.705
5.705
5.71
5.71
5.715
5.715
5.72
5.72
5.73
5.73
5.73
5.735
5.74
5.74
5.75
5.75
5.75
5.75
5.76
5.76
5.76
5.76
5.765
5.76
5.755
5.755
5.755
5.745
5.745
5.735
5.725
5.73
5.725
5.725
5.715
5.715
5.715
5.71
5.705
5.705
5.705
5.68
5.71
5.71
5.71
5.72
5.725
5.73
5.73
5.74
5.75
5.75
5.75
5.755
5.76
5.76
5.76
5.76
5.755
5.75
5.745
5.745
5.735
5.735
5.725
5.725
5.715
5.715
5.71
5.68
5.71
5.69
5.635
5.595
5.57
5.525
5.475
5.44
5.42
5.38
5.33
5.285
5.24
5.21
5.205
5.2
5.155
5.115
5.115
5.1
5.095
5.095
5.095
5.1
5.115
5.15
5.175
5.205
5.245
5.28
5.265
5.275
5.265
5.255
5.255
5.255
5.245
5.22
5.245
5.235
5.235
5.235
5.24
5.23
5.25
5.255
5.25
5.26
5.275
5.29
5.285
5.31
5.36
5.515
5.555
5.585
5.61
5.64
5.685
5.74
5.8
5.84
5.89
5.93
5.98
5.975
5.97
5.97
5.96
5.935
5.925
5.915
5.94
5.925
5.95
5.96
5.96
5.965
5.975
5.98
5.985
5.985
5.995
6
6.04
6.03
6.03
6.035
6.035
6.025
6.025
6.025
6.005
6.015
6.01
6
6
5.975
5.995
5.96
5.985
5.98
5.985
5.96
5.96
5.985
5.985
5.98
5.995
5.995
5.995
6.005
6.005
6.015
6.02
6.02
6.025
6.025
6.04
6.035
6.035
6.035
6.035
6.035
6.035
6.035
6.025
6.025
6.02
6.01
6.005
6.005
6
5.995
5.99
5.96
5.955
5.985
5.985
5.97
5.985
5.995
5.995
6.005
6.005
6.015
6.015
6.015
6.025
6.03
6.035
6.05
6.035
6.035
6.035
6.035
6.03
6.025
6.025
6.02
6.015
6.01
6.01
6
5.995
5.995
5.99
5.985
5.985
5.985
5.995
5.985
5.99
5.995
6.005
6.005
6.005
6.015
6.025
6.025
6.035
6.035
6.05
6.045
6.06
6.06
6.045
6.045
6.06
6.055
6.045
5.69
5.36
4.92
4.585
4.075
3.71
3.38
2.99
2.655
2.33
2.05
1.66
1.2
0.815
0.38
-0.13
-0.52
-0.97
-1.42
-1.84
-2.29
-2.735
-3.185
-3.655
-4.11
-4.59
-5.04
-5.51
-5.97
-6.44
-6.455
-6.435
-6.415
-6.39
-6.375
-6.36
-6.355
-6.355
-6.35
-6.355
-6.35
-6.35
-6.35
-6.345
-6.345
-6.35
-6.345
-6.345
-6.345
-6.35
-6.355
-6.385
-6.4
-6.435
-6.45
-6.455
-6.475
-6.485
-6.485
-6.495
-6.5
-6.51
-6.505
-6.51
-6.51
-6.51
-6.51
-6.51
-6.505
-6.505
-6.505
-6.5
-6.495
-6.495
-6.495
-6.49
-6.485
-6.485
-6.405
-6.34
-6.285
-6.225
-6.18
-6.135
-6.085
-6.045
-6.03
-6.005
-5.985
-5.965
-5.955
-5.935
-5.925
-5.92
-5.905
-5.895
-5.88
-5.855
-5.82
-5.77
-5.735
-5.685
-5.64
-5.56
-5.505
-5.46
-5.4
-5.36
-5.355
-5.355
-5.355
-5.355
-5.355
-5.355
-5.35
-5.355
-5.35
-5.35
-5.35
-5.345
-5.345
-5.345
-5.345
-5.345
-5.345
-5.345
-5.345
-5.345
-5.345
-5.345
-5.345
-5.345
-5.345
-5.35
-5.35
-5.355
-5.355
-5.355
-5.36
-5.36
-5.36
-5.36
-5.365
-5.37
-5.37
-5.375
-5.38
-5.38
-5.38
-5.385
-5.385
-5.385
-5.39
-5.39
-5.39
-5.39
-5.39
-5.39
-5.39
-5.39
-5.39
-5.39
-5.39
-5.39
-5.39
-5.385
-5.385
-5.385
-5.385
-5.38
-5.375
-5.375
-5.375
-4.95
-4.63
-4.33
-4.085
-3.88
-3.64
-3.43
-3.21
-2.975
-2.695
-2.43
-2.16
-1.92
-1.265
-0.89
-0.54
-0.175
0.165
0.535
0.925
1.245
1.61
1.975
2.315
2.68
3.04
3.41
3.75
4.11
4.44
4.575
4.565
4.565
4.565
4.555
4.54
4.535
4.525
4.525
4.525
4.525
4.525
4.525
4.525
4.525
4.525
4.525
4.525
4.525
4.515
4.52
4.675
4.765
4.795
4.825
4.875
4.895
4.95
5.02
5.045
5.115
5.18
5.235
5.26
5.265
5.265
5.265
5.265
5.265
5.275
5.275
5.275
5.28
5.28
5.285
5.285
5.38
5.46
5.51
5.56
5.61
5.66
5.72
5.795
5.86
5.925
5.98
6.025
6.025
6.025
6.02
6.02
6.01
6.005
6
5.995
5.99
5.99
5.98
5.98
5.975
5.97
5.97
5.97
5.97
5.975
5.98
5.985
5.99
5.995
6
6.005
6.01
6.015
6.02
6.02
6.025
6.03
6.03
6.03
6.025
6.02
6.02
6.015
6.01
6.01
6.005
5.995
5.995
5.985
5.985
6.02
6.48
6.49
6.49
6.48
6.48
6.42
6.395
6.395
6.41
6.555
6.715
6.895
6.895
6.89
6.885
6.86
6.845
6.835
6.82
6.815
6.815
6.815
6.815
6.815
6.81
6.83
6.815
6.815
6.82
6.83
6.83
6.84
6.855
6.84
6.84
6.84
6.84
6.84
6.84
6.835
6.84
6.835
6.84
6.84
6.84
6.84
6.845
6.845
6.84
6.845
6.845
6.845
6.845
6.845
6.845
6.85
6.855
6.855
6.855
6.86
6.86
6.865
6.87
6.87
6.87
6.87
6.87
6.87
6.87
6.865
6.865
6.865
6.865
6.88
6.875
6.87
6.865
6.865
6.86
6.855
6.85
6.845
6.845
6.84
6.835
6.835
6.835
6.84
6.835
6.84
6.845
6.85
6.855
6.86
6.87
6.87
6.875
6.88
6.885
6.89
6.89
6.89
6.895
6.895
6.895
6.885
6.885
6.885
6.875
6.87
6.865
6.865
6.855
6.855
6.85
6.845
6.845
6.845
6.845
6.845
6.85
6.855
6.86
6.865
6.87
6.875
6.88
6.885
6.89
6.89
6.895
6.895
6.9
6.9
6.9
6.9
6.53
6.13
5.68
5.32
4.815
4.365
3.805
3.48
3.155
2.72
2.4
2.045
1.73
1.285
0.845
0.395
-0.06
-0.555
-1.01
-1.45
-1.94
-2.38
-2.865
-3.315
-3.79
-4.235
-4.67
-5.145
-5.59
-6.005
-6.005
-5.995
-5.96
-5.955
-5.935
-5.925
-5.925
-5.92
-5.92
-5.915
-5.92
-5.92
-5.92
-5.92
-5.92
-5.92
-5.925
-5.93
-5.93
-5.93
-5.935
-5.955
-5.97
-5.995
-6.005
-6.015
-6.015
-6.025
-6.025
-6.035
-6.04
-6.045
-6.05
-6.05
-6.05
-6.05
-6.05
-6.05
-6.045
-6.045
-6.045
-6.035
-6.035
-6.035
-6.03
-6.03
-6.03
-6.025
-6.02
-6.02
-6.02
-6.02
-6.02
-6.03
-6.04
-6.045
-6.055
-6.065
-6.075
-6.1
-6.12
-6.135
-6.14
-6.14
-6.135
-6.135
-6.14
-6.135
-6.14
-6.135
-6.14
-6.14
-6.13
-6.13
-6.13
-6.13
-6.13
-6.12
-6.12
-6.12
-6.12
-6.12
-6.12
-6.12
-6.115
-6.12
-6.12
-6.125
-6.125
-6.125
-6.135
-6.135
-6.14
-6.145
-6.145
-6.155
-6.155
-6.165
-6.165
-6.165
-6.165
-6.165
-6.16
-6.16
-6.155
-6.155
-6.15
-6.15
-6.145
-6.145
-6.135
-6.135
-6.135
-6.13
-6.13
-6.13
-6.125
-6.125
-6.13
-6.12
-6.12
-6.12
-6.125
-6.12
-6.12
-6.12
-6.125
-6.125
-6.12
-6.125
-6.125
-6.13
-6.125
-6.125
-6.13
-6.13
-6.13
-6.13
-6.145
-6.305
-6.4
-6.46
-6.565
-6.62
-6.71
-6.79
-6.88
-6.975
-7.055
-7.145
-7.23
-7.325
-7.405
-7.49
-7.58
-7.685
-7.78
-7.865
-7.94
-8.03
-8.13
-8.2
-8.3
-8.39
-8.48
-8.555
-8.655
-8.755
-8.81
-8.81
-8.81
-8.805
-8.805
-8.805
-8.8
-8.8
-8.8
-8.8
-8.8
-8.8
-8.8
-8.8
-8.8
-8.795
-8.795
-8.8
-8.8
-8.795
-8.8
-8.8
-8.805
-8.79
-8.77
-8.8
-8.8
-8.8
-8.8
-8.8
-8.8
-8.8
-8.8
-8.8
-8.8
-8.8
-8.8
-8.8
-8.805
-8.81
-8.82
-8.82
-8.825
-8.83
-8.83
-8.83
-8.83
-8.83
-8.835
-8.83
-8.83
-8.835
-8.835
-8.835
-8.83
-8.83
-8.83
-8.835
-8.83
-8.83
-8.825
-8.82
-8.82
-8.82
-8.82
-8.82
-8.815
-8.81
-8.81
-8.81
-8.81
-8.81
-8.81
-8.81
-8.81
-8.81
-8.81
-8.81
-8.82
-8.82
-8.82
-8.825
-8.83
-8.825
-8.835
-8.835
-8.845
-8.845
-8.845
-8.85
-8.865
-8.895
-8.945
-8.97
-9
-9.035
-9.06
-9.08
-9.105
-9.135
-9.145
-9.175
-9.195
-9.21
-9.225
-9.255
-9.28
-9.31
-9.33
-9.37
-9.375
-9.385
-9.415
-9.435
-9.465
-9.5
-9.505
-9.515
-9.56
-9.56
-9.56
-9.56
-9.565
-9.565
-9.565
-9.575
-9.575
-9.58
-9.58
-9.585
-9.585
-9.585
-9.585
-9.59
-9.595
-9.595
-9.595
-9.595
-9.6
-9.6
-9.6
-9.6
-9.6
-9.6
-9.595
-9.59
-9.58
-9.575
-9.575
-9.57
-9.565
-9.565
-9.565
-9.56
-9.56
-9.56
-9.56
-9.56
-9.56
-9.565
-9.565
-9.565
-9.565
-9.565
-9.57
-9.575
-9.575
-9.585
-9.6
-9.6
-9.61
-9.61
-9.615
-9.615
-9.615
-9.62
-9.615
-9.62
-9.62
-9.62
-9.615
-9.62
-9.615
-9.615
-9.615
-9.615
-9.615
-9.605
-9.605
-9.605
-9.605
-9.605
-9.605
-9.605
-9.605
-9.61
-9.605
-9.61
-9.615
-9.615
-9.615
-9.615
-9.615
-9.62
-9.62
-9.62
-9.62
-9.62
-9.62
-9.62
-9.615
-9.615
-9.61
-9.605
-9.605
-9.6
-9.595
-9.59
-9.59
-9.58
-9.58
-9.58
-9.58
-9.58
-9.58
-9.58
-9.575
-9.575
-9.575
-9.585
-9.585
-9.585
-9.585
-9.595
-9.595
-9.605
-9.605
-9.61
-9.615
-9.615
-9.615
-9.615
-9.62
-9.615
-9.615
-9.62
-9.615
-9.615
-9.615
-9.615
-9.615
-9.61
-9.61
-9.24
-8.67
-8.11
-7.51
-6.945
-6.435
-6.025
-5.645
-5.14
-4.63
-4.18
-3.145
-2.555
-1.905
-1.28
-0.655
0.005
0.655
1.285
1.92
2.57
3.205
3.845
4.48
5.13
5.77
6.385
6.995
7.605
8.24
8.59
8.59
8.59
8.595
8.595
8.595
8.595
8.605
8.605
8.605
8.61
8.61
8.61
8.615
8.615
8.615
8.615
8.615
8.605
8.605
8.635
8.685
8.72
8.75
8.765
8.79
8.815
8.825
8.86
8.905
8.935
8.96
8.97
8.985
8.985
8.99
8.985
8.985
8.98
8.98
8.98
8.97
8.97
8.97
8.96
8.96
8.96
8.96
8.965
8.97
8.97
8.97
8.97
8.97
8.97
8.97
8.965
8.965
8.96
8.96
8.965
8.965
8.965
8.96
8.965
8.955
8.96
8.965
8.965
8.965
8.965
8.965
8.965
8.965
8.965
8.97
8.975
8.97
8.975
8.97
8.97
8.97
8.97
8.965
8.965
8.965
8.96
8.96
8.965
8.965
9.05
9.05
9.05
9.055
8.985
8.945
8.905
8.805
8.785
8.72
8.645
8.61
8.585
8.53
8.525
8.52
8.52
8.52
8.555
8.595
8.67
8.705
8.795
8.88
8.965
9.045
9.145
9.245
9.365
9.46
9.45
9.455
9.45
9.45
9.45
9.445
9.445
9.435
9.43
9.43
9.43
9.43
9.425
9.425
9.425
9.43
9.425
9.43
9.435
9.435
9.44
9.445
9.45
9.455
9.46
9.47
9.48
9.49
9.5
9.51
9.525
9.53
9.53
9.535
9.535
9.54
9.545
9.54
9.545
9.545
9.545
9.54
9.545
9.545
9.54
9.545
9.54
9.54
9.54
9.535
9.535
9.53
9.53
9.525
9.52
9.52
9.51
9.505
9.505
9.505
9.495
9.495
9.495
9.495
9.5
9.505
9.505
9.51
9.515
9.52
9.525
9.525
9.53
9.535
9.535
9.545
9.55
9.55
9.555
9.555
9.555
9.555
9.55
9.545
9.545
9.54
9.535
9.53
9.525
9.52
9.515
9.51
9.505
9.505
9.5
9.5
9.5
9.51
9.51
9.51
9.52
9.52
9.52
9.53
9.53
9.53
9.54
9.55
9.55
9.55
9.555
9.555
9.555
9.555
9.545
9.545
9.545
9.54
9.535
9.535
9.53
9.525
9.52
9.515
9.51
9.51
9.505
9.495
9.5
9.5
9.5
9.5
9.505
9.51
9.51
9.515
9.52
9.52
9.53
9.53
9.535
9.54
9.54
9.55
9.55
9.555
9.555
9.34
8.815
8.15
7.565
6.895
6.06
5.555
5.04
4.435
3.92
3.405
2.735
2.06
1.385
0.67
-0.01
-0.72
-1.395
-2.095
-2.79
-3.47
-4.18
-4.87
-5.585
-6.31
-7.065
-7.81
-8.565
-9.32
-10.055
-10.495
-10.495
-10.455
-10.425
-10.41
-10.4
-10.395
-10.37
-10.36
-10.36
-10.36
-10.36
-10.36
-10.36
-10.36
-10.36
-10.36
-10.36
-10.365
-10.38
-10.42
-10.435
-10.46
-10.47
-10.5
-10.505
-10.51
-10.51
-10.515
-10.515
-10.52
-10.52
-10.525
-10.525
-10.53
-10.525
-10.53
-10.53
-10.53
-10.53
-10.53
-10.525
-10.525
-10.52
-10.515
-10.505
-10.505
-10.5
-10.495
-10.495
-10.485
-10.485
-10.485
-10.48
-10.48
-10.485
-10.485
-10.485
-10.485
-10.49
-10.35
-10.26
-10.18
-10.105
-10.07
-10.035
-9.99
-9.965
-9.95
-9.94
-9.935
-9.935
-9.965
-9.935
-9.935
-9.925
-9.92
-9.915
-9.9
-9.885
-9.87
-9.845
-9.785
-9.725
-9.66
-9.58
-9.515
-9.445
-9.37
-9.28
-9.275
-9.28
-9.28
-9.28
-9.28
-9.285
-9.29
-9.29
-9.295
-9.3
-9.3
-9.305
-9.305
-9.31
-9.315
-9.315
-9.315
-9.315
-9.305
-9.305
-9.305
-9.3
-9.295
-9.295
-9.285
-9.285
-9.285
-9.285
-9.28
-9.28
-9.275
-9.27
-9.26
-9.255
-9.255
-9.25
-9.25
-9.245
-9.245
-8.67
-8.1
-7.58
-7.07
-6.68
-6.275
-5.86
-5.37
-4.85
-4.425
-3.375
-2.805
-2.165
-1.545
-0.94
-0.275
0.365
0.99
1.645
2.25
2.89
3.54
4.16
5.01
5.385
6.06
6.655
7.235
7.86
8.445
8.815
8.81
8.815
8.81
8.81
8.815
8.81
8.81
8.805
8.81
8.81
8.805
8.805
8.805
8.805
8.805
8.805
8.81
8.81
8.81
8.81
8.81
8.815
8.815
8.82
8.82
8.82
8.825
8.82
8.825
8.835
8.835
8.84
8.835
8.835
8.84
8.84
8.845
8.845
8.845
8.85
8.85
8.85
8.855
8.86
8.915
8.925
8.92
8.865
8.8
8.765
8.69
8.62
8.54
8.485
8.4
8.325
8.25
8.2
8.14
8.12
8.11
8.1
8.1
8.105
8.125
8.19
8.265
8.315
8.39
8.48
8.555
8.64
8.72
8.81
8.82
8.825
8.825
8.83
8.83
8.83
8.835
8.84
8.84
8.84
8.84
8.84
8.84
8.84
8.835
8.835
8.835
8.835
8.835
8.835
8.83
8.83
8.83
8.825
8.82
8.82
8.81
8.81
8.8
8.68
8.13
7.52
7.045
6.38
5.725
5.015
4.535
4.075
3.49
3.015
2.565
1.955
1.34
0.695
0.05
-0.605
-1.235
-1.895
-2.56
-3.185
-3.875
-4.535
-5.19
-5.85
-6.52
-7.195
-7.87
-8.525
-9.19
-9.695
-9.67
-9.635
-9.615
-9.6
-9.58
-9.575
-9.575
-9.575
-9.57
-9.565
-9.565
-9.565
-9.565
-9.565
-9.56
-9.58
-9.55
-9.545
-9.545
-9.545
-9.55
-9.59
-9.595
-9.605
-9.62
-9.625
-9.635
-9.625
-9.62
-9.575
-9.545
-9.5
-9.465
-9.445
-9.395
-9.38
-9.355
-9.325
-9.29
-9.285
-9.275
-9.265
-9.26
-9.25
-9.24
-9.2
-9.2
-9.19
-9.175
-9.16
-9.135
-9.115
-9.105
-9.095
-9.07
-9.05
-9.045
-9.01
-8.995
-8.98
-8.98
-8.97
-8.985
-8.98
-8.98
-8.98
-8.98
-8.975
-8.975
-8.975
-8.975
-8.975
-8.98
-8.98
-8.985
-8.985
-8.985
-8.995
-8.995
-8.995
-9.005
-9.005
-9.015
-9.015
-9.02
-9.02
-9.02
-9.015
-9.015
-9.015
-9.005
-9.005
-9
-9
-8.99
-8.99
-8.99
-8.98
-8.98
-8.98
-8.98
-8.975
-8.975
-8.975
-8.975
-8.975
-8.975
-8.975
-8.975
-8.975
-8.98
-8.98
-8.985
-8.99
-8.99
-8.99
-8.995
-9
-9
-9
-9
-9.005
-9.005
-9.01
-9.015
-9.015
-9.015
-9.015
-9.015
-9.02
-9.02
-9.02
-9.02
-9.02
-9.015
-9.015
-9.015
-9.015
-9.015
-9.015
-9.01
-9.01
-9.005
-9.625
-9.705
-9.805
-9.93
-10.09
-10.235
-10.395
-10.595
-10.75
-10.93
-11.115
-11.305
-11.28
-11.245
-11.22
-11.21
-11.21
-11.205
-11.2
-11.2
-11.2
-11.21
-11.205
-11.205
-11.21
-11.255
-11.335
-11.41
-11.48
-11.56
-11.635
-11.72
-11.815
-11.875
-11.96
-12.045
-12.115
-12.125
-12.13
-12.135
-12.135
-12.135
-12.125
-12.13
-12.13
-12.125
-12.125
-12.125
-12.125
-12.12
-12.125
-12.125
-12.115
-12.12
-12.115
-12.115
-12.115
-12.115
-12.115
-12.115
-12.115
-12.115
-12.115
-12.115
-12.115
-12.115
-12.115
-12.11
-12.11
-12.11
-12.105
-12.105
-12.105
-12.105
-12.1
-12.1
-12.095
-12.095
-12.095
-12.09
-12.095
-12.1
-12.1
-12.1
-12.1
-12.1
-12.11
-12.11
-12.11
-12.12
-12.12
-12.12
-12.13
-12.13
-12.13
-12.14
-12.14
-12.14
-12.14
-12.14
-12.14
-12.145
-12.14
-12.14
-12.14
-12.14
-12.14
-12.14
-12.14
-12.14
-12.135
-12.13
-12.135
-12.13
-12.13
-12.125
-12.125
-12.125
-12.12
-12.115
-12.115
-12.115
-12.115
-12.11
-12.105
-12.105
-12.105
-12.105
-12.105
-12.105
-12.105
-12.105
-12.105
-12.105
-12.105
-12.105
-12.11
-12.11
-12.11
-12.11
-12.11
-12.11
-12.115
-12.12
-12.12
-12.12
-12.12
-12.12
-12.12
-12.12
-12.12
-12.12
-12.115
-12.115
-12.115
-12.11
-12.11
-12.11
-12.11
-12.11
-12.11
-12.11
-12.11
-12.11
-12.11
-12.105
-12.11
-12.105
-12.105
-12.105
-12.105
-12.105
-12.105
-12.105
-12.11
-12.105
-12.11
-12.11
-12.11
-12.11
-12.11
-12.11
-12.11
-12.11
-12.11
-12.11
-12.11
-12.11
-12.11
-12.115
-12.115
-12.11
-12.11
-12.11
-12.11
-12.11
-12.11
-12.11
-12.11
-12.11
-12.11
-12.11
-12.11
-12.11
-12.11
-12.115
-12.11
-12.11
-12.11
-12.11
-12.105
-12.105
-12.105
-12.105
-12.105
-12.105
-12.11
-12.105
-12.105
-12.11
-12.105
-12.11
-12.11
-12.11
-12.11
-12.11
-12.115
-12.11
-12.115
-12.12
-12.12
-12.12
-12.12
-12.12
-12.12
-12.12
-12.125
-12.13
-12.13
-12.13
-12.13
-12.135
-12.135
-12.135
-12.135
-12.14
-12.14
-12.14
-12.14
-12.14
-12.14
-12.14
-12.14
-12.14
-12.14
-12.135
-12.135
-12.135
-12.135
-12.135
-12.13
-12.13
-12.13
-12.13
-12.125
-12.125
-12.125
-12.125
-12.12
-12.12
-12.12
-12.12
-12.12
-12.115
-12.12
-12.12
-12.12
-12.12
-12.115
-12.12
-12.12
-12.125
-12.13
-12.13
-12.13
-12.13
-12.135
-12.14
-12.14
-12.145
-12.145
-12.15
-12.145
-12.14
-12.14
-12.14
-12.135
-12.135
-12.125
-12.125
-12.115
-12.115
-12.11
-12.11
-12.105
-12.105
-12.105
-12.105
-12.105
-12.105
-12.105
-12.11
-12.11
-12.115
-12.12
-12.12
-12.125
-12.13
-12.135
-12.14
-12.14
-12.14
-12.145
-12.145
-12.15
-12.15
-12.15
-12.15
-12.15
-12.15
-12.15
-12.145
-12.145
-12.15
-12.15
-12.145
-12.145
-12.145
-12.145
-12.145
-12.145
-12.145
-12.145
-12.145
-12.145
-12.145
-12.145
-12.14
-12.14
-12.135
-12.135
-12.135
-12.135
-12.135
-12.13
-12.125
-12.125
-12.125
-12.115
-12.115
-12.115
-12.115
-12.11
-12.105
-12.105
-12.105
-12.105
-12.105
-12.105
-12.105
-12.105
-12.105
-12.105
-12.105
-12.11
-12.115
-12.115
-12.115
-12.115
-12.12
-12.125
-12.125
-12.135
-12.14
-12.145
-12.15
-12.15
-12.15
-12.155
-12.16
-12.16
-12.16
-12.16
-12.16
-12.16
-12.16
-12.16
-12.155
-12.15
-12.15
-12.15
-12.15
-12.145
-12.145
-12.14
-12.14
-12.135
-12.13
-12.13
-12.13
-12.13
-12.13
-12.125
-12.125
-12.12
-12.12
-12.12
-12.12
-12.12
-12.12
-12.12
-12.12
-12.12
-12.12
-12.12
-12.13
-12.13
-12.135
-12.14
-12.145
-12.15
-12.15
-12.16
-12.16
-12.16
-12.16
-12.16
-12.155
-12.15
-12.15
-12.15
-12.145
-12.14
-12.135
-12.13
-12.13
-12.125
-12.125
-12.125
-12.125
-12.12
-12.12
-12.12
-12.12
-12.12
-12.12
-12.12
-12.12
-12.125
-12.12
-12.13
-12.13
-12.135
-12.14
-12.145
-12.15
-12.15
-12.16
-12.16
-12.16
-12.16
-12.155
-12.155
-12.15
-12.15
-12.15
-12.14
-12.14
-12.14
-12.135
-12.13
-12.13
-12.13
-12.13
-12.125
-12.12
-12.12
-12.12
-12.12
-12.12
-12.135
-12.15
-12.16
-12.17
-12.2
-12.215
-12.22
-12.225
-12.225
-12.225
-12.225
-12.225
-12.225
-12.23
-12.235
-12.235
-12.24
-12.24
-12.24
-12.24
-12.245
-12.245
-12.245
-12.245
-12.245
-12.245
-12.25
-12.25
-12.25
-12.25
-12.255
-12.255
-12.255
-12.255
-12.255
-12.255
-12.255
-12.255
-12.255
-12.255
-12.255
-12.255
-12.255
-12.255
-12.255
-12.255
-12.255
-12.255
-12.255
-12.255
-12.25
-12.25
-12.25
-12.25
-12.255
-12.25
-12.25
-12.25
-12.255
-12.255
-12.255
-12.255
-12.26
-12.26
-12.26
-12.26
-12.265
-12.27
-12.27
-12.275
-12.275
-12.275
-12.285
-12.275
-12.275
-12.275
-12.275
-12.28
-12.275
-12.275
-12.275
-12.275
-12.27
-12.27
-12.265
-12.27
-12.265
-12.265
-12.265
-12.265
-12.265
-12.265
-12.265
-12.265
-12.265
-12.26
-12.26
-12.265
-12.265
-12.265
-12.265
-12.265
-12.265
-12.265
-12.26
-12.26
-12.26
-12.255
-12.255
-12.255
-12.26
-12.25
-12.25
-12.25
-12.245
-12.24
-12.24
-12.24
-12.24
-12.24
-12.24
-12.24
-12.24
-12.24
-12.24
-12.24
-12.24
-12.245
-12.245
-12.255
-12.255
-12.265
-12.265
-12.27
-12.275
-12.275
-12.275
-12.27
-12.27
-12.27
-12.26
-12.26
-12.26
-12.25
-12.25
-12.25
-12.245
-12.24
-12.24
-12.235
-12.235
-12.24
-12.23
-12.235
-12.23
-12.23
-12.235
-12.235
-12.24
-12.24
-12.24
-12.24
-12.245
-12.245
-12.25
-12.255
-12.255
-12.255
-12.265
-12.265
-12.27
-12.27
-12.275
-12.275
-12.27
-11.65
-10.895
-10.185
-9.55
-8.98
-8.445
-7.72
-7.1
-5.97
-5.135
-4.285
-3.495
-2.64
-1.78
-0.965
-0.15
0.705
1.535
2.335
3.185
4
4.815
5.64
6.465
7.255
8.05
8.865
9.645
10.475
11.315
11.45
11.45
11.455
11.46
11.46
11.47
11.47
11.475
11.48
11.48
11.485
11.485
11.49
11.49
11.49
11.49
11.49
11.49
11.49
11.485
11.485
11.64
11.73
11.78
11.795
11.845
11.9
11.93
11.975
11.97
11.97
11.97
11.96
11.96
11.955
11.96
11.96
11.955
11.955
11.955
11.955
11.95
11.95
11.95
11.95
11.945
11.945
11.94
11.94
11.945
11.945
11.945
11.95
11.945
11.945
11.945
11.95
11.945
11.945
11.945
11.95
11.96
11.96
11.96
11.96
11.96
11.965
11.96
11.965
11.975
11.975
11.975
11.975
11.975
11.985
11.985
11.985
11.985
11.99
11.995
11.995
11.995
12
12.005
12.005
12.005
12.005
12.005
12.005
12
11.92
11.81
11.72
11.58
11.505
11.375
11.26
11.155
11.07
11.01
10.96
10.92
10.905
10.9
10.895
10.895
10.895
10.905
10.96
11.02
11.075
11.155
11.215
11.285
11.365
11.475
11.56
11.655
11.66
11.655
11.65
11.65
11.65
11.645
11.645
11.645
11.64
11.635
11.635
11.635
11.63
11.635
11.635
11.635
11.64
11.615
11.65
11.65
11.65
11.655
11.655
11.66
11.665
11.67
11.675
11.675
11.68
11.685
11.69
11.69
11.695
11.7
11.7
11.7
11.69
11.7
11.7
11.7
11.705
11.715
11.715
11.715
11.715
11.72
11.725
11.715
11.735
11.735
11.735
11.735
11.73
11.735
11.735
11.735
11.73
11.735
11.73
11.735
11.735
11.735
11.735
11.735
11.735
11.735
11.735
11.735
11.74
11.74
11.735
11.74
11.74
11.74
11.74
11.74
11.74
11.74
11.74
11.74
11.73
11.74
11.74
11.74
11.74
11.74
11.74
11.74
11.74
11.74
11.74
11.735
11.735
11.73
11.73
11.73
11.73
11.73
11.73
11.73
11.73
11.73
11.725
11.725
11.72
11.72
11.72
11.72
11.72
11.71
11.71
11.71
11.71
11.71
11.71
11.71
11.71
11.71
11.71
11.72
11.72
11.725
11.725
11.73
11.725
11.73
11.735
11.735
11.745
11.75
11.75
11.775
11.76
11.775
11.77
11.785
11.77
11.77
11.77
11.775
11.765
11.77
11.76
11.75
11.74
11.735
11.73
11.24
10.48
9.77
8.895
7.945
7.245
6.565
5.845
5.215
4.48
3.635
2.785
2
1.08
0.235
-0.635
-1.47
-2.33
-3.2
-4.05
-4.93
-5.785
-6.68
-7.575
-8.475
-9.39
-10.29
-11.29
-12.135
-13.075
-13.33
-13.31
-13.255
-13.24
-13.23
-13.225
-13.21
-13.205
-13.2
-13.2
-13.2
-13.21
-13.21
-13.22
-13.225
-13.23
-13.23
-13.23
-13.25
-13.265
-13.275
-13.28
-13.29
-13.31
-13.3
-13.295
-13.295
-13.305
-13.315
-13.305
-13.305
-13.305
-13.305
-13.305
-13.305
-13.305
-13.305
-13.135
-13.06
-12.96
-12.88
-12.77
-12.665
-12.56
-12.44
-12.31
-12.175
-12.065
-11.96
-11.935
-11.935
-11.935
-11.93
-11.925
-11.925
-11.925
-11.925
-11.92
-11.915
-11.91
-11.91
-11.91
-11.91
-11.905
-11.91
-11.905
-11.905
-11.905
-11.905
-11.9
-11.9
-11.9
-11.9
-11.9
-11.9
-11.9
-11.895
-11.895
-11.895
-11.895
-11.895
-11.89
-11.885
-11.885
-11.885
-11.885
-11.885
-11.885
-11.885
-11.88
-11.885
-11.88
-11.88
-11.885
-11.88
-11.885
-11.88
-11.885
-11.88
-11.88
-11.88
-11.88
-11.88
-11.88
-11.88
-11.885
-11.885
-11.88
-11.885
-11.885
-11.89
-11.89
-11.895
-11.9
-11.9
-11.9
-11.91
-11.91
-11.915
-11.92
-11.92
-11.92
-11.92
-11.92
-11.92
-11.915
-11.91
-11.91
-11.9
-11.79
-11.73
-11.705
-11.705
-11.7
-11.69
-11.69
-11.705
-11.75
-11.805
-11.85
-11.88
-11.935
-11.98
-12.025
-12.045
-12.075
-12.085
-12.095
-12.095
-12.095
-12.095
-12.095
-12.085
-12.08
-12.055
-12.01
-11.96
-11.905
-11.865
-11.865
-11.865
-11.865
-11.875
-11.87
-11.87
-11.875
-11.875
-11.88
-11.885
-11.88
-11.88
-11.875
-11.875
-11.87
-11.865
-11.86
-11.855
-11.85
-11.85
-11.855
-11.845
-11.845
-11.845
-11.845
-11.84
-11.84
-11.84
-11.84
-11.84
-11.84
-11.845
-11.845
-11.85
-11.85
-11.85
-11.855
-11.86
-11.86
-11.865
-11.78
-10.74
-10.175
-9.595
-9.045
-8.48
-7.8
-7.165
-6.45
-5.275
-4.495
-3.69
-2.86
-2.02
-1.2
-0.405
0.47
1.275
2.105
2.935
3.78
4.61
5.395
6.24
7.035
7.78
8.555
9.33
10.08
10.88
11.6
11.625
11.63
11.635
11.635
11.645
11.64
11.64
11.65
11.65
11.665
11.665
11.675
11.675
11.675
11.675
11.67
11.67
11.67
11.67
11.665
11.665
11.67
11.665
11.665
11.665
11.665
11.665
11.66
11.66
11.665
11.67
11.67
11.67
11.67
11.675
11.725
11.725
11.73
11.71
11.575
11.48
11.365
11.28
11.18
11.09
10.985
10.915
10.855
10.81
10.79
10.78
10.775
10.775
10.785
10.855
10.92
10.995
11.075
11.17
11.245
11.34
11.435
11.515
11.67
11.75
11.805
11.8
11.8
11.8
11.8
11.8
11.785
11.78
11.775
11.77
11.77
11.775
11.775
11.775
11.775
11.78
11.795
11.795
11.8
11.8
11.8
11.8
11.81
11.815
11.81
11.81
11.81
11.825
11.81
11.81
11.805
11.81
11.81
11.81
11.81
11.81
11.815
11.815
11.81
11.81
11.825
11.815
11.815
11.815
11.815
11.585
10.975
10.295
9.575
8.875
8.055
7.33
6.715
6.065
5.445
4.85
4.285
3.565
2.815
2.025
1.285
0.53
-0.27
-1.05
-1.795
-2.565
-3.34
-4.105
-4.875
-5.615
-6.39
-7.165
-7.91
-8.65
-9.405
-9.875
-9.865
-9.815
-9.79
-9.785
-9.77
-9.745
-9.735
-9.73
-9.73
-9.725
-9.725
-9.725
-9.725
-9.725
-9.73
-9.73
-9.72
-9.735
-9.735
-10.145
-10.26
-10.34
-10.435
-10.55
-10.66
-10.79
-10.915
-11.035
-11.185
-11.305
-11.47
-11.475
-11.465
-11.46
-11.445
-11.44
-11.41
-11.405
-11.38
-11.39
-11.375
-11.365
-11.365
-11.365
-11.365
-11.365
-11.36
-11.365
-11.42
-11.49
-11.545
-11.625
-11.67
-11.715
-11.76
-11.79
-11.79
-11.795
-11.785
-11.795
-11.795
-11.795
-11.795
-11.795
-11.785
-11.795
-11.785
-11.8
-11.785
-11.795
-11.785
-11.785
-11.79
-11.79
-11.795
-11.795
-11.795
-11.795
-11.78
-11.795
-11.8
-11.805
-11.8
-11.805
-11.8
-11.725
-11.695
-11.66
-11.645
-11.625
-11.605
-11.6
-11.6
-11.595
-11.6
-11.595
-11.605
-11.605
-11.605
-11.615
-11.625
-11.625
-11.63
-11.635
-11.645
-11.67
-11.69
-11.69
-11.705
-11.73
-11.715
-11.715
-11.72
-11.72
-11.74
-11.735
-11.73
-11.725
-11.72
-11.72
-11.72
-11.72
-11.71
-11.71
-11.715
-11.705
-11.715
-11.705
-11.705
-11.695
-11.695
-11.7
-11.7
-11.69
-11.705
-11.705
-11.705
-11.705
-11.705
-11.705
-11.705
-11.705
-11.69
-11.7
-11.705
-11.7
-11.695
-11.695
-11.69
-11.69
-11.69
-11.69
-11.69
-11.69
-11.88
-12
-12.075
-12.16
-12.245
-12.345
-12.445
-12.56
-12.67
-12.795
-12.89
-13.035
-13.13
-13.245
-13.37
-13.485
-13.57
-13.68
-13.795
-13.91
-14.025
-14.125
-14.24
-14.335
-14.45
-14.575
-14.665
-14.79
-14.89
-15.005
-15.01
-15.01
-15.01
-15.015
-15.015
-15.025
-15.015
-15.03
-15.02
-15.02
-15.035
-15.04
-15.04
-15.04
-15.04
-15.05
-15.05
-15.05
-15.05
-15.055
-15.175
-15.255
-15.305
-15.385
-15.44
-15.51
-15.585
-15.655
-15.715
-15.8
-15.84
-15.845
-15.845
-15.845
-15.84
-15.84
-15.84
-15.835
-15.83
-15.83
-15.83
-15.825
-15.825
-15.82
-15.815
-15.82
-15.815
-15.815
-15.815
-15.815
-15.815
-15.815
-15.82
-15.82
-15.825
-15.825
-15.83
-15.835
-15.84
-15.84
-15.845
-15.845
-15.85
-15.845
-15.855
-15.855
-15.855
-15.855
-15.855
-15.855
-15.855
-15.855
-15.865
-15.865
-15.87
-15.865
-15.87
-15.875
-15.88
-15.875
-15.87
-15.86
-15.86
-15.855
-15.855
-15.85
-15.845
-15.845
-15.845
-15.845
-15.845
-15.85
-15.85
-15.85
-15.86
-15.855
-15.86
-15.86
-15.86
-15.86
-15.86
-15.86
-15.865
-15.865
-15.865
-15.86
-15.865
-15.865
-15.865
-15.865
-15.85
-15.86
-15.86
-15.86
-15.865
-15.855
-15.855
-15.855
-15.86
-15.855
-15.855
-15.85
-15.855
-15.855
-15.855
-15.855
-15.855
-15.855
-15.86
-15.865
-15.865
-15.86
-15.86
-15.865
-15.87
-15.865
-15.87
-15.86
-15.875
-15.885
-15.915
-15.905
-15.965
-15.95
-15.975
-15.975
-15.96
-15.96
-15.96
-15.96
-15.96
-15.955
-15.955
-15.955
-15.945
-15.945
-15.94
-15.93
-15.92
-15.915
-15.905
-15.88
-15.845
-15.83
-15.785
-15.795
-15.795
-15.785
-15.795
-15.795
-15.795
-15.81
-15.815
-15.81
-15.795
-15.8
-15.825
-15.825
-15.83
-15.81
-15.82
-15.82
-15.82
-15.835
-15.82
-15.82
-15.83
-15.83
-15.82
-15.82
-15.795
-15.785
-15.77
-15.755
-15.73
-15.72
-15.68
-15.655
-15.64
-15.61
-15.61
-15.61
-15.61
-15.61
-15.62
-15.62
-15.62
-15.61
-15.595
-15.575
-15.57
-15.575
-15.575
-15.585
-15.575
-15.58
-15.605
-15.59
-15.59
-15.6
-15.6
-15.605
-15.6
-15.615
-15.61
-15.605
-15.6
-15.6
-15.595
-15.585
-15.58
-15.575
-15.57
-15.565
-15.56
-15.56
-15.56
-15.56
-15.56
-15.56
-15.56
-15.565
-15.565
-15.565
-15.57
-15.575
-15.575
-15.575
-15.575
-15.58
-15.585
-15.585
-15.585
-15.575
-15.58
-15.575
-15.59
-15.595
-15.37
-14.225
-13.3
-12.47
-11.775
-10.835
-10
-8.685
-7.485
-6.355
-5.225
-4.14
-2.98
-1.895
-0.76
0.375
1.515
2.615
3.735
4.86
5.965
7.03
8.095
9.17
10.205
11.31
12.405
13.525
14.64
15.78
16.65
16.665
16.66
16.655
16.655
16.655
16.655
16.66
16.665
16.665
16.67
16.675
16.675
16.675
16.68
16.675
16.68
16.685
16.695
16.685
16.7
16.685
16.685
16.685
16.685
16.685
16.705
16.69
16.69
16.71
16.695
16.71
16.69
16.71
16.71
16.705
16.705
16.67
16.67
16.67
16.67
16.67
16.67
16.67
16.695
16.67
16.705
16.68
16.68
16.705
16.685
16.69
16.74
16.775
16.77
16.755
16.605
16.49
16.345
16.2
16.065
15.945
15.87
15.82
15.735
15.735
15.73
15.745
15.755
15.77
15.81
15.91
16.005
16.1
16.215
16.325
16.445
16.58
16.705
16.865
17.03
17.185
17.3
17.31
17.295
17.29
17.31
17.275
17.305
17.275
17.3
17.3
17.3
17.305
17.31
17.315
17.325
17.36
17.38
17.4
17.405
17.415
17.43
17.43
17.43
17.425
17.43
17.435
17.425
17.43
17.42
17.42
17.405
17.41
17.405
17.38
17.4
17.4
17.38
17.395
17.37
17.37
17.395
17.385
17.385
17.385
17.36
17.38
17.385
17.365
17.37
17.37
17.39
17.39
17.37
17.37
17.37
17.39
17.375
17.39
17.395
17.37
17.39
17.395
16.535
15.635
14.535
13.375
12.32
11.445
10.345
9.455
8.62
7.485
6.395
5.275
4.205
3
1.92
0.81
-0.31
-1.44
-2.575
-3.665
-4.835
-5.93
-7.025
-8.175
-9.27
-10.455
-11.59
-12.7
-13.87
-15.03
-15.145
-15.15
-15.09
-15.06
-15.01
-14.985
-14.985
-14.965
-14.965
-14.955
-14.96
-14.96
-14.96
-14.955
-14.96
-14.97
-14.96
-14.96
-15.05
-15.165
-15.25
-15.31
-15.39
-15.445
-15.525
-15.58
-15.65
-15.735
-15.825
-15.885
-15.9
-15.915
-15.9
-15.9
-15.9
-15.89
-15.89
-15.89
-15.89
-15.89
-15.89
-15.89
-15.89
-15.885
-15.89
-15.885
-15.885
-15.89
-15.88
-15.885
-15.88
-15.88
-15.88
-15.88
-15.885
-15.89
-15.89
-15.89
-15.89
-15.89
-15.89
-15.89
-15.89
-15.89
-15.89
-15.89
-15.89
-15.895
-15.9
-15.9
-15.9
-15.905
-15.91
-15.91
-15.915
-15.915
-15.92
-15.92
-15.92
-15.92
-15.925
-15.925
-15.925
-15.925
-15.925
-15.925
-15.925
-15.925
-15.925
-15.925
-15.925
-15.925
-15.92
-15.915
-15.915
-15.915
-15.91
-15.905
-15.905
-15.9
-15.895
-15.895
-15.89
-15.85
-15.765
-15.73
-15.735
-15.74
-15.77
-15.805
-15.825
-15.875
-15.915
-15.97
-15.99
-16.035
-16.09
-16.135
-16.185
-16.25
-16.3
-16.365
-16.42
-16.48
-16.525
-16.57
-16.645
-16.7
-16.75
-16.8
-16.855
-16.89
-16.955
-16.98
-17.035
-17.07
-17.115
-17.12
-17.145
-17.185
-17.195
-17.21
-17.235
-17.235
-17.235
-17.225
-17.225
-17.23
-17.24
-17.245
-17.245
-17.245
-17.245
-17.245
-17.24
-17.24
-17.235
-17.225
-17.215
-17.195
-17.155
-17.135
-17.07
-17.035
-17.035
-17.035
-17.035
-17.035
-17.035
-17.035
-17.025
-17.025
-17.04
-17.015
-17.015
-17.03
-17.005
-17.005
-17.005
-17.005
-17.005
-17.005
-17
-17.005
-17.01
-17.005
-17.005
-17.005
-17.005
-16.995
-16.995
-16.99
-16.99
-16.985
-16.985
-16.985
-16.98
-16.98
-16.98
-16.955
-16.955
-16.955
-16.955
-16.955
-16.945
-16.245
-15.83
-15.39
-14.955
-14.535
-14.125
-13.755
-13.365
-12.97
-12.495
-12.01
-11.51
-11.065
-10.68
-9.66
-9.175
-8.575
-8.07
-7.49
-6.92
-6.36
-5.805
-5.22
-4.66
-4.105
-3.51
-2.93
-2.4
-1.78
-1.21
-0.66
-0.08
0.485
1.07
1.645
2.23
2.81
3.385
3.95
4.5
5.09
5.63
6.215
6.745
7.31
7.86
8.405
8.95
9.525
10.02
10.595
11.125
11.68
12.22
12.795
13.325
13.875
14.435
14.99
15.535
15.72
15.71
15.71
15.695
15.71
15.7
15.7
15.7
15.685
15.69
15.675
15.695
15.675
15.67
15.67
15.67
15.665
15.665
15.665
15.665
15.665
15.69
15.67
15.68
15.685
15.685
15.685
15.69
15.69
15.69
15.695
15.695
15.695
15.69
15.695
15.695
15.7
15.7
15.7
15.72
15.695
15.64
15.61
15.52
15.47
15.385
15.315
15.22
15.145
15.06
14.975
14.88
14.825
14.725
14.64
14.545
14.48
14.4
14.33
14.275
14.205
14.15
14.095
14.04
14.005
13.96
13.93
13.9
13.87
13.855
13.845
13.835
13.82
13.815
13.81
13.8
13.795
13.79
13.78
13.785
13.785
13.78
13.78
13.765
13.78
13.79
13.8
13.81
13.855
13.9
13.9
13.935
13.955
13.985
14.015
14.06
14.095
14.13
14.165
14.175
14.185
14.19
14.2
14.2
14.21
14.21
14.215
14.21
14.21
14.21
14.21
14.21
14.215
14.225
14.225
14.23
14.225
14.225
14.22
14.215
14.21
14.21
14.215
14.21
14.215
14.215
14.21
14.21
14.21
14.205
14.205
14.2
14.2
14.2
14.19
14.19
14.185
14.18
14.18
14.185
14.185
14.215
14.195
14.22
14.2
14.225
14.23
14.225
14.225
14.225
14.22
14.225
14.225
14.21
14.235
14.235
14.245
14.245
14.255
14.255
14.265
14.28
14.275
14.29
14.29
14.285
14.29
14.285
14.28
14.275
14.265
14.265
14.245
14.245
14.25
14.225
14.245
14.22
14.22
13.9
13.505
13.045
12.675
12.165
11.71
10.99
10.545
10.16
9.78
9.415
8.93
8.49
8.13
7.74
7.325
6.97
6.55
6.02
5.55
5.03
4.515
4.015
3.49
3.03
2.445
1.94
1.4
0.905
0.405
-0.165
-0.645
-1.17
-1.685
-2.22
-2.73
-3.255
-3.775
-4.295
-4.81
-5.32
-5.825
-6.255
-6.875
-7.385
-7.9
-8.385
-8.88
-9.395
-9.9
-10.395
-10.905
-11.4
-11.925
-12.43
-12.935
-13.435
-13.97
-14.475
-14.995
-15.075
-15.005
-14.97
-14.95
-14.94
-14.945
-14.93
-14.94
-14.925
-14.925
-14.925
-14.925
-14.925
-14.925
-14.95
-14.985
-15.04
-15.05
-15.065
-15.095
-15.12
-15.135
-15.14
-15.145
-15.145
-15.155
-15.155
-15.16
-15.21
-15.32
-15.375
-15.445
-15.51
-15.565
-15.615
-15.675
-15.745
-15.815
-15.875
-15.94
-15.985
-15.985
-15.99
-15.995
-15.99
-15.985
-15.985
-15.985
-15.975
-15.975
-15.97
-15.97
-15.965
-15.965
-15.965
-15.965
-15.965
-15.96
-15.96
-15.955
-15.955
-15.955
-15.955
-15.955
-15.955
-15.955
-15.9
-15.855
-15.83
-15.81
-15.785
-15.775
-15.775
-15.77
-15.775
-15.775
-15.775
-15.78
-15.79
-15.795
-15.815
-15.825
-15.84
-15.85
-15.86
-15.875
-15.9
-15.91
-15.925
-15.935
-15.95
-15.98
-15.995
-16.005
-16.07
-16.07
-16.08
-16.085
-16.115
-16.135
-16.16
-16.18
-16.205
-16.225
-16.24
-16.255
-16.295
-16.31
-16.34
-16.36
-16.38
-16.375
-16.415
-16.435
-16.455
-16.47
-16.49
-16.495
-16.515
-16.53
-16.54
-16.545
-16.555
-16.56
-16.57
-16.565
-16.6
-16.6
-16.6
-16.6
-16.6
-16.6
-16.605
-16.605
-16.61
-16.61
-16.61
-16.61
-16.61
-16.605
-16.605
-16.605
-16.605
-16.6
-16.6
-16.6
-16.595
-16.595
-16.59
-16.59
-16.585
-16.585
-16.585
-16.585
-16.58
-16.585
-16.575
-16.56
-16.555
-16.55
-16.55
-16.545
-16.545
-16.545
-16.545
-16.54
-16.54
-16.54
-16.54
-16.535
-16.53
-16.53
-16.53
-16.53
-16.535
-16.535
-16.53
-16.525
-16.53
-16.53
-16.535
-16.535
-16.525
-16.525
-16.53
-16.53
-16.535
-16.55
-16.565
-16.565
-16.57
-16.575
-16.58
-16.58
-16.575
-16.58
-16.58
-16.58
-16.58
-16.58
-16.575
-16.58
-16.575
-16.575
-16.58
-16.58
-16.58
-16.58
-16.58
-16.58
-16.585
-16.58
-16.59
-16.59
-16.59
-16.59
-16.595
-16.6
-16.6
-16.6
-16.605
-16.61
-16.61
-16.615
-16.62
-16.63
-16.635
-16.635
-16.64
-16.64
-16.64
-16.63
-16.63
-16.625
-16.62
-16.62
-16.615
-16.61
-16.605
-16.595
-16.595
-16.59
-16.59
-16.585
-16.585
-16.585
-16.585
-16.585
-16.585
-16.585
-16.585
-16.585
-16.585
-16.585
-16.585
-16.605
-16.61
-16.62
-16.615
-16.615
-16.62
-16.62
-16.62
-16.62
-16.63
-16.64
-16.64
-16.64
-16.64
-16.64
-16.64
-16.64
-16.64
-16.64
-16.64
-16.64
-16.64
-16.635
-16.62
-16.62
-16.62
-16.61
-16.61
-16.605
-16.6
-16.6
-16.595
-16.595
-16.595
-16.595
-16.6
-16.605
-16.605
-16.605
-16.61
-16.615
-16.615
-16.62
-16.615
-16.615
-16.62
-16.615
-16.61
-16.6
-16.595
-16.59
-16.59
-16.59
-16.58
-16.58
-16.56
-16.56
-16.555
-16.55
-16.545
-16.545
-16.545
-16.54
-16.545
-16.545
-16.545
-16.545
-16.55
-16.555
-16.56
-16.565
-16.57
-16.575
-16.58
-16.58
-16.585
-16.59
-16.59
-16.59
-16.6
-16.6
-16.6
-16.6
-16.6
-16.6
-16.6
-16.6
-16.6
-16.59
-16.59
-16.59
-16.58
-16.58
-16.58
-16.575
-16.57
-16.57
-16.57
-16.57
-16.57
-16.57
-16.565
-16.565
-16.56
-16.56
-16.555
-16.555
-16.555
-16.555
-16.56
-16.56
-16.56
-16.56
-16.56
-16.555
-16.56
-16.56
-16.565
-16.565
-16.565
-16.565
-16.565
-16.565
-16.57
-16.57
-16.575
-16.575
-16.575
-16.57
-16.575
-16.565
-16.565
-16.565
-16.56
-16.555
-16.555
-16.555
-16.545
-16.545
-16.54
-16.54
-16.54
-16.54
-16.53
-16.54
-16.54
-16.54
-16.55
-16.56
-16.625
-16.935
-17.015
-17.105
-17.215
-17.305
-17.42
-17.525
-17.655
-17.795
-17.9
-18.05
-18.19
-18.185
-18.185
-18.185
-18.175
-18.175
-18.17
-18.17
-18.245
-18.42
-18.565
-18.705
-18.855
-19
-19.14
-19.285
-19.44
-19.595
-19.745
-19.885
-19.885
-19.885
-19.88
-19.885
-19.885
-19.89
-19.89
-19.89
-19.885
-19.885
-19.885
-19.885
-19.885
-19.89
-19.895
-19.895
-19.9
-19.9
-19.9
-19.905
-19.91
-19.91
-19.92
-19.92
-19.93
-19.93
-19.93
-19.935
-19.93
-19.93
-19.93
-19.93
-19.93
-19.92
-19.92
-19.915
-19.975
-20.015
-20.065
-20.07
-20.07
-20.08
-20.135
-20.12
-20.125
-20.135
-20.135
-20.19
-20.19
-20.19
-20.2
-20.2
-20.2
-20.2
-20.205
-20.21
-20.21
-20.215
-20.21
-20.215
-20.215
-20.21
-20.215
-20.195
-20.21
-20.18
-20.17
-20.17
-20.17
-20.17
-20.17
-20.165
-20.16
-20.16
-20.16
-20.155
-20.15
-20.15
-20.15
-20.14
-20.14
-20.14
-20.14
-20.14
-20.13
-20.13
-20.12
-20.12
-20.115
-20.105
-20.08
-20.07
-20.06
-20.055
-20.045
-20.025
-20.01
-20.005
-19.98
-19.975
-19.965
-19.965
-19.96
-19.955
-19.92
-19.86
-19.86
-19.86
-19.86
-19.86
-19.86
-19.865
-19.865
-19.865
-19.865
-19.865
-19.86
-19.865
-19.865
-19.865
-19.87
-19.87
-19.87
-19.87
-19.875
-19.875
-19.875
-19.88
-19.885
-19.885
-19.885
-19.885
-19.89
-19.895
-19.895
-19.895
-19.895
-19.895
-19.905
-19.905
-19.905
-19.905
-19.905
-19.905
-19.905
-19.905
-19.91
-19.905
-19.905
-19.905
-19.905
-19.905
-19.905
-19.91
-19.91
-19.915
-19.91
-19.915
-19.915
-19.915
-19.915
-19.915
-19.915
-19.915
-19.915
-19.915
-19.915
-19.91
-19.915
-19.915
-19.915
-19.905
-19.905
-19.905
-19.905
-19.905
-19.905
-19.905
-19.905
-19.905
-19.91
-19.91
-19.91
-19.915
-19.895
-19.895
-19.915
-19.9
-19.9
-19.915
-19.91
-19.91
-19.91
-19.91
-19.91
-19.91
-19.91
-19.91
-19.91
-19.91
-19.905
-19.905
-19.905
-19.905
-19.905
-19.9
-19.9
-19.9
-19.9
-19.9
-19.895
-19.895
-19.895
-19.895
-19.895
-19.895
-19.895
-19.895
-19.895
-19.895
-19.895
-19.895
-19.895
-19.9
-19.905
-19.905
-19.905
-19.905
-19.905
-19.905
-19.905
-19.91
-19.915
-19.915
-19.4
-18.835
-18.32
-18.115
-17.62
-17.045
-16.465
-15.895
-15.37
-14.61
-13.66
-13.025
-12.305
-11.64
-10.945
-10.265
-9.56
-8.85
-8.11
-7.405
-6.69
-5.965
-5.26
-4.55
-3.815
-3.1
-2.4
-1.675
-0.95
-0.245
0.495
1.225
1.94
2.67
3.425
4.1
4.825
5.535
6.24
6.985
7.705
8.415
9.16
9.845
10.565
11.29
12
12.715
13.425
14.185
14.92
15.62
16.365
17.105
17.87
18.63
19.33
20.105
20.865
21.635
21.96
21.94
21.96
21.96
21.96
21.96
21.955
21.955
21.93
21.965
21.955
21.96
21.96
21.93
21.96
21.955
21.96
21.96
21.96
21.93
21.96
21.955
21.93
21.93
21.935
21.965
21.965
21.98
21.985
21.99
21.99
21.99
22
21.99
22.005
22.015
22.015
22.025
22.035
22.03
22.045
22.03
22.03
22.03
22.03
22.03
22.03
22.025
22.025
22.02
22.02
22.01
22.01
22.01
22.015
22.015
22.01
22.01
22.015
22.015
22.015
22.015
22.015
22.02
22.02
22.025
22.025
22.025
22.03
22.035
22.035
22.04
22.045
22.05
22.055
22.02
21.94
21.845
21.75
21.65
21.55
21.455
21.32
21.22
21.12
21.02
20.925
20.825
20.725
20.63
20.54
20.43
20.34
20.25
20.16
20.11
20.02
19.955
19.89
19.835
19.795
19.765
19.72
19.71
19.66
19.65
19.635
19.61
19.59
19.58
19.57
19.545
19.525
19.515
19.51
19.505
19.49
19.49
19.475
19.47
19.465
19.475
19.485
19.485
19.51
19.49
19.535
19.54
19.6
19.62
19.675
19.74
19.81
19.82
19.83
19.835
19.855
19.855
19.86
19.87
19.875
19.875
19.885
19.89
19.895
19.9
19.9
19.9
19.9
19.9
19.925
19.93
19.94
19.94
19.95
19.945
19.95
19.955
19.955
19.955
19.965
19.965
19.965
19.965
19.965
19.96
19.955
19.96
19.955
19.955
19.955
19.945
19.945
19.94
19.935
19.93
19.92
19.915
19.91
19.9
19.895
19.89
19.885
19.885
19.895
19.895
19.885
19.885
19.89
19.895
19.9
19.91
19.915
19.925
19.935
19.945
19.955
19.97
19.98
19.985
19.99
19.99
20
19.995
19.995
19.985
19.985
19.975
19.975
19.965
19.955
19.95
19.945
19.935
19.935
19.925
19.925
19.925
19.92
19.91
19.91
19.91
19.91
19.905
19.905
19.905
19.905
19.9
19.895
19.895
19.895
19.895
19.895
19.895
19.89
19.895
19.895
19.89
19.895
19.89
19.89
19.895
19.895
19.9
19.895
19.895
19.895
19.895
19.895
19.88
19.885
19.885
19.89
19.895
19.89
19.895
19.9
19.905
19.905
19.905
19.915
19.915
19.915
19.925
19.93
19.93
19.935
19.94
19.94
19.945
19.94
19.95
19.95
19.945
19.945
19.94
19.94
19.94
19.94
19.94
19.94
19.94
19.94
19.94
19.94
19.94
19.94
19.945
19.945
19.945
19.95
19.95
19.95
19.95
19.95
19.95
19.94
19.93
19.93
19.93
19.925
19.92
19.915
19.91
19.905
19.905
19.9
19.9
19.895
19.895
19.895
19.89
19.9
19.9
19.9
19.9
19.9
19.9
19.9
19.9
19.9
19.9
19.9
19.895
19.89
19.89
19.89
19.88
19.88
19.875
19.87
19.87
19.87
19.865
19.865
19.86
19.855
19.855
19.855
19.85
19.855
19.85
19.855
19.855
19.865
19.865
19.875
19.88
19.89
19.895
19.9
19.905
19.915
19.92
19.93
19.94
19.945
19.945
19.945
19.945
19.94
19.93
19.925
19.92
19.91
19.9
19.89
19.88
19.88
19.87
19.87
19.87
19.865
19.86
19.855
19.855
19.855
19.855
19.855
19.855
19.855
19.855
19.865
19.865
19.865
19.865
19.865
19.865
19.875
19.875
19.875
19.875
19.875
19.875
19.875
19.875
19.875
19.875
19.875
19.875
19.875
19.875
19.875
19.88
19.88
19.885
19.885
19.88
19.885
19.885
19.89
19.89
19.895
19.895
19.895
19.895
19.9
19.9
19.905
19.91
19.92
19.925
19.93
19.93
19.935
19.94
19.94
19.94
19.94
19.94
19.935
19.935
19.93
19.93
19.925
19.92
19.915
19.91
19.91
19.9
19.9
19.895
19.89
19.885
19.88
19.875
19.875
19.875
19.865
19.865
19.86
19.855
19.855
19.855
19.85
19.85
19.845
19.845
19.845
19.855
19.855
19.855
19.865
19.865
19.875
19.885
19.885
19.895
19.9
19.905
19.915
19.96
19.97
19.97
19.98
19.98
19.98
19.98
19.98
19.975
19.975
19.965
19.965
19.96
19.95
19.95
19.94
19.94
19.93
19.93
19.925
19.92
19.915
19.915
19.91
19.905
19.905
19.905
19.905
19.905
19.905
19.895
19.895
19.895
19.885
19.885
19.885
19.885
19.885
19.885
19.89
19.885
19.885
19.89
19.885
19.885
19.885
19.885
19.89
19.475
18.9
18.295
17.48
16.805
16.195
15.65
15.115
14.42
13.89
13.32
12.79
12.175
11.48
10.77
10.07
9.385
8.675
7.97
7.25
6.55
5.84
5.12
4.39
3.71
2.985
2.275
1.55
0.865
0.13
-0.575
-1.3
-1.995
-2.7
-3.415
-4.14
-4.845
-5.55
-6.645
-6.955
-7.7
-8.385
-9.13
-9.84
-10.57
-11.28
-12.03
-12.755
-13.485
-14.225
-14.965
-15.725
-16.475
-17.235
-17.995
-18.74
-19.51
-20.22
-21.04
-21.78
-21.965
-21.855
-21.835
-21.81
-21.8
-21.79
-21.775
-21.77
-21.775
-21.78
-21.78
-21.78
-21.78
-21.785
-21.785
-21.785
-21.82
-21.84
-21.865
-21.89
-21.915
-21.935
-21.945
-21.955
-21.96
-21.965
-21.975
-21.985
-21.995
-21.995
-22.005
-22.005
-22.005
-22.01
-22.01
-22.01
-22.01
-22.01
-22.01
-22.01
-22.01
-22.01
-22.01
-22.01
-22.01
-22.015
-22.01
-22.01
-22.01
-22.01
-22.01
-22.01
-22.005
-22.005
-22
-21.995
-21.985
-21.985
-21.985
-21.985
-21.985
-21.985
-21.985
-21.985
-21.985
-21.985
-21.985
-21.975
-21.975
-21.975
-21.965
-21.965
-21.965
-21.955
-21.95
-21.94
-21.94
-21.94
-21.935
-21.935
-21.935
-21.935
-21.94
-21.945
-21.95
-21.955
-21.96
-21.965
-21.965
-21.97
-21.975
-21.98
-21.985
-21.995
-21.995
-21.995
-22
-22
-21.995
-21.99
-21.99
-21.99
-21.985
-21.98
-21.98
-21.98
-21.975
-21.97
-21.97
-21.965
-21.96
-21.96
-21.955
-21.955
-21.95
-21.95
-21.95
-21.95
-21.95
-21.95
-21.945
-21.945
-21.945
-21.91
-21.88
-21.865
-21.87
-21.865
-21.865
-21.865
-21.865
-21.87
-21.875
-21.88
-21.89
-21.895
-21.91
-21.915
-21.925
-21.945
-21.955
-21.96
-21.965
-21.975
-21.98
-21.985
-21.99
-22
-22.01
-22.01
-22.01
-22.015
-22.015
-22.015
-22.015
-22.015
-22
-21.985
-21.94
-21.905
-21.84
-21.805
-21.745
-21.695
-21.63
-21.565
-21.495
-21.43
-21.355
-21.27
-21.185
-21.1
-21.01
-20.915
-20.815
-20.71
-20.605
-20.515
-20.39
-20.25
-20.11
-19.97
-19.815
-19.745
-19.735
-19.72
-19.71
-19.7
-19.7
-19.69
-19.685
-19.68
-19.68
-19.68
-19.675
-19.675
-19.675
-19.68
-19.68
-19.68
-19.69
-19.69
-19.695
-19.695
-19.7
-19.705
-19.71
-19.71
-19.72
-19.725
-19.725
-19.7
-18.795
-18.44
-18.125
-17.6
-17.03
-16.46
-15.84
-15.335
-14.86
-13.74
-13.085
-12.405
-11.765
-11.075
-10.38
-9.73
-9.065
-8.35
-7.66
-6.96
-6.27
-5.6
-4.925
-4.21
-3.515
-2.825
-2.13
-1.45
-0.775
-0.05
0.635
1.305
2.025
2.72
3.4
4.12
4.805
5.46
6.15
6.825
7.53
8.2
8.875
9.56
10.265
10.945
11.615
12.325
13.01
13.735
14.41
15.095
15.8
16.52
17.225
17.9
18.605
19.33
20.025
20.64
20.64
20.645
20.635
20.63
20.625
20.62
20.615
20.61
20.6
20.59
20.59
20.58
20.575
20.575
20.565
20.565
20.565
20.56
20.58
20.585
20.59
20.57
20.58
20.58
20.585
20.595
20.595
20.6
20.6
20.61
20.635
20.65
20.655
20.66
20.66
20.66
20.665
20.62
20.6
20.54
20.515
20.475
20.41
20.375
20.34
20.305
20.28
20.24
20.215
20.2
20.165
20.135
20.115
20.085
20.06
20.04
20.03
20.02
20.01
20.005
19.99
19.99
20.01
20.025
20.035
20.04
20.095
20.14
20.195
20.245
20.325
20.37
20.425
20.495
20.555
20.63
20.705
20.76
20.835
20.895
20.965
21.03
21.095
21.17
21.235
21.32
21.395
21.49
21.58
21.67
21.77
21.785
21.78
21.77
21.77
21.77
21.775
21.775
21.78
21.785
21.795
21.805
21.815
21.82
21.835
21.85
21.87
21.885
21.885
21.89
21.885
21.88
21.875
21.875
21.865
21.86
21.855
21.845
21.84
21.83
21.83
21.83
21.825
21.17
20.515
19.955
19.2
18.505
17.545
16.92
16.345
15.78
15.075
14.42
13.845
13.235
12.69
12.035
11.315
10.575
9.86
9.105
8.39
7.64
6.91
6.175
5.465
4.67
3.92
3.19
2.435
1.675
0.92
0.195
-0.59
-1.32
-2.105
-2.815
-3.605
-4.325
-4.905
-5.815
-6.58
-7.39
-8.065
-8.835
-9.58
-10.33
-11.08
-11.88
-12.585
-13.355
-14.11
-14.875
-15.685
-16.425
-17.195
-17.98
-18.72
-19.53
-20.3
-21.095
-21.86
-21.8
-21.73
-21.715
-21.71
-21.685
-21.665
-21.65
-21.63
-21.61
-21.595
-21.59
-21.585
-21.555
-21.545
-21.535
-21.53
-21.52
-21.485
-21.47
-21.46
-21.45
-21.435
-21.425
-21.415
-21.405
-21.365
-21.35
-21.345
-21.33
-21.31
-21.285
-21.275
-21.265
-21.255
-21.245
-21.235
-21.21
-21.195
-21.185
-21.18
-21.16
-21.145
-21.12
-21.105
-21.09
-21.085
-21.08
-21.065
-21.05
-21.035
-21.025
-21.01
-20.995
-20.965
-20.83
-20.795
-20.785
-20.77
-20.74
-20.74
-20.735
-20.74
-20.745
-20.745
-20.745
-20.795
-20.895
-20.98
-21.055
-21.11
-21.15
-21.205
-21.25
-21.275
-21.31
-21.34
-21.365
-21.4
-21.405
-21.42
-21.43
-21.455
-21.49
-21.5
-21.505
-21.525
-21.55
-21.56
-21.585
-21.6
-21.62
-21.64
-21.665
-21.68
-21.69
-21.695
-21.72
-21.74
-21.74
-21.76
-21.765
-21.765
-21.775
-21.79
-21.79
-21.795
-21.805
-21.81
-21.81
-21.81
-21.81
-21.815
-21.825
-21.85
-21.85
-21.85
-21.855
-21.855
-21.855
-21.86
-21.86
-21.865
-21.87
-21.87
-21.87
-21.88
-21.88
-21.88
-21.88
-21.88
-21.88
-21.88
-21.88
-21.875
-21.875
-21.87
-21.87
-21.875
-21.87
-21.87
-21.87
-21.865
-21.87
-21.865
-21.87
-21.875
-21.875
-21.875
-21.875
-21.875
-21.885
-21.89
-21.895
-21.9
-21.9
-21.91
-21.91
-21.91
-21.915
-21.915
-21.915
-21.91
-21.91
-21.905
-21.88
-21.88
-21.875
-21.875
-21.875
-21.87
-21.87
-21.87
-21.87
-21.865
-21.87
-21.87
-21.87
-21.87
-21.87
-21.87
-21.87
-21.87
-21.88
-21.89
-21.895
-21.9
-21.905
-21.9
-21.905
-21.91
-21.91
-21.91
-21.915
-21.92
-21.92
-21.92
-21.92
-21.92
-21.92
-21.92
-21.92
-21.92
-21.92
-21.915
-21.91
-21.91
-21.91
-21.905
-21.905
-21.905
-21.9
-21.895
-21.895
-21.895
-21.89
-21.885
-21.885
-21.885
-21.885
-21.885
-21.885
-21.885
-21.885
-21.885
-21.885
-21.885
-21.885
-21.885
-21.89
-21.89
-21.895
-21.895
-21.895
-21.9
-21.905
-21.905
-21.905
-21.91
-21.915
-21.915
-21.92
-22.05
-22.175
-22.255
-22.325
-22.375
-22.46
-22.54
-22.62
-22.705
-22.8
-22.885
-22.97
-23.065
-23.165
-23.25
-23.345
-23.445
-23.54
-23.575
-23.575
-23.575
-23.57
-23.57
-23.565
-23.565
-23.57
-23.565
-23.57
-23.57
-23.57
-23.57
-23.575
-23.575
-23.58
-23.58
-23.585
-23.59
-23.59
-23.595
-23.595
-23.595
-23.605
-23.605
-23.605
-23.61
-23.615
-23.615
-23.61
-23.615
-23.61
-23.635
-23.69
-23.735
-23.75
-23.79
-23.82
-23.845
-23.875
-23.9
-23.925
-23.945
-23.97
-23.99
-24.035
-24.035
-24.035
-24.03
-24.03
-24.03
-24.03
-24.035
-24.03
-24.035
-24.035
-24.04
-24.04
-24.035
-24.04
-24.035
-24.04
-24.035
-24.04
-24.04
-24.035
-24.04
-24.04
-24.035
-24.04
-24.04
-24.04
-24.04
-24.04
-24.04
-24.045
-24.045
-24.045
-24.055
-24.105
-24.155
-24.165
-24.175
-24.185
-24.21
-24.215
-24.23
-24.23
-24.24
-24.24
-24.235
-24.24
-24.24
-24.24
-24.24
-24.24
-24.24
-24.24
-24.24
-24.245
-24.255
-24.255
-24.255
-24.255
-24.255
-24.255
-24.26
-24.255
-24.25
-24.25
-24.245
-24.24
-24.235
-24.225
-24.21
-24.185
-24.16
-24.135
-24.1
-24.07
-24.05
-24.04
-24.015
-23.95
-23.91
-23.85
-23.815
-23.795
-23.765
-23.71
-23.685
-23.63
-23.595
-23.555
-23.555
-23.565
-23.565
-23.575
-23.58
-23.58
-23.59
-23.59
-23.59
-23.595
-23.595
-23.6
-23.6
-23.6
-23.59
-23.59
-23.59
-23.58
-23.58
-23.58
-23.57
-23.57
-23.56
-23.545
-23.53
-23.505
-23.505
-23.49
-23.48
-23.475
-23.47
-23.45
-23.445
-23.445
-23.445
-23.445
-23.44
-23.445
-23.445
-23.44
-23.44
-23.445
-23.445
-23.445
-23.445
-23.445
-23.445
-23.445
-23.445
-23.445
-23.445
-23.445
-23.45
-23.445
-23.445
-23.445
-23.445
-23.445
-23.445
-23.45
-22.995
-22.385
-21.895
-21.52
-20.915
-20.28
-19.545
-18.955
-18.365
-17.12
-16.39
-15.625
-14.865
-14.085
-13.3
-12.56
-11.73
-10.97
-10.18
-9.38
-8.585
-7.78
-6.94
-6.195
-5.37
-4.59
-3.795
-2.97
-2.195
-1.4
-0.59
0.215
1.005
1.84
2.615
3.4
4.165
4.995
5.77
6.555
7.35
8.13
8.92
9.675
10.49
11.285
12.06
12.875
13.625
14.44
15.225
16.035
16.82
17.61
18.44
19.265
20.075
20.875
21.715
22.54
22.885
22.885
22.885
22.89
22.89
22.895
22.895
22.895
22.9
22.9
22.905
22.91
22.905
22.905
22.915
22.915
22.915
22.915
22.915
22.92
22.92
23.09
23.17
23.23
23.255
23.305
23.365
23.395
23.47
23.535
23.61
23.685
23.745
23.78
23.78
23.77
23.77
23.77
23.77
23.77
23.77
23.78
23.79
23.8
23.81
23.82
23.825
23.835
23.835
23.845
23.85
23.855
23.86
23.86
23.86
23.86
23.855
23.855
23.85
23.845
23.84
23.83
23.82
23.815
23.805
23.8
23.795
23.8
23.79
23.79
23.785
23.695
23.605
23.505
23.435
23.335
23.215
23.13
23.035
22.955
22.9
22.82
22.74
22.66
22.58
22.525
22.46
22.39
22.34
22.285
22.25
22.205
22.17
22.135
22.11
22.085
22.06
22.045
22.03
22.02
22.01
22.005
22.005
22
22.02
22.035
22.05
22.07
22.09
22.12
22.175
22.22
22.26
22.315
22.37
22.425
22.49
22.545
22.61
22.695
22.765
22.84
22.93
23.02
23.11
23.205
23.295
23.305
23.3
23.295
23.29
23.29
23.28
23.28
23.275
23.27
23.27
23.27
23.27
23.265
23.26
23.255
23.255
23.26
23.27
23.28
23.28
23.28
23.28
23.285
23.285
23.285
23.28
23.285
23.285
23.075
22.415
21.765
21.06
20.08
19.41
18.845
18.23
17.615
16.9
16.295
15.665
15.065
14.44
13.685
12.935
12.175
11.415
10.65
9.875
9.135
8.35
7.585
6.84
6.02
5.22
4.49
3.715
2.94
2.175
1.38
0.62
-0.15
-0.965
-1.725
-2.525
-3.285
-4.29
-4.825
-5.61
-6.355
-7.145
-7.925
-8.665
-9.455
-10.235
-10.995
-11.795
-12.565
-13.35
-14.135
-14.91
-15.72
-16.5
-17.31
-18.105
-18.885
-19.695
-20.515
-21.32
-21.865
-21.755
-21.7
-21.665
-21.645
-21.63
-21.62
-21.615
-21.615
-21.61
-21.61
-21.61
-21.61
-21.61
-21.61
-21.62
-21.645
-21.665
-21.705
-21.74
-21.795
-22.285
-22.37
-22.445
-22.525
-22.64
-22.755
-22.875
-23.005
-23.135
-23.275
-23.415
-23.555
-23.57
-23.57
-23.565
-23.545
-23.52
-23.515
-23.495
-23.495
-23.495
-23.495
-23.495
-23.495
-23.505
-23.505
-23.505
-23.505
-23.515
-23.515
-23.515
-23.52
-23.525
-23.545
-23.555
-23.565
-23.59
-23.61
-23.615
-23.635
-23.66
-23.675
-23.69
-23.7
-23.71
-23.725
-23.74
-23.765
-23.775
-23.8
-23.81
-23.83
-23.85
-23.86
-23.875
-23.885
-23.905
-23.915
-23.935
-23.935
-23.94
-23.945
-23.95
-23.955
-23.955
-23.95
-23.955
-23.965
-23.975
-23.985
-23.99
-23.995
-24.005
-24.01
-24.015
-24.03
-24.035
-24.045
-24.05
-24.045
-24.06
-24.065
-24.08
-24.085
-24.085
-24.085
-24.085
-24.085
-24.09
-24.085
-24.085
-24.085
-24.08
-24.08
-24.08
-24.07
-24.065
-24.065
-24.05
-24.055
-24.055
-24.055
-24.055
-24.055
-24.06
-24.06
-24.06
-24.06
-24.06
-24.06
-24.06
-24.055
-24.05
-24.055
-24.05
-24.05
-24.045
-24.04
-24.045
-24.04
-24.04
-24.04
-24.04
-24.04
-24.04
-24.035
-24.035
-24.02
-24.015
-24.005
-23.99
-23.96
-23.95
-23.95
-23.95
-23.955
-23.95
-23.96
-23.95
-23.95
-23.95
-23.95
-23.955
-23.95
-23.95
-23.95
-23.95
-23.95
-23.95
-23.95
-23.95
-23.95
-23.95
-23.95
-23.955
-23.95
-23.95
-23.95
-23.95
-23.95
-23.975
-23.98
-23.975
-23.98
-23.975
-23.975
-23.98
-23.98
-23.98
-23.985
-23.99
-23.99
-23.995
-23.995
-23.99
-23.99
-23.995
-23.995
-23.99
-23.99
-23.985
-23.985
-23.975
-23.97
-23.975
-23.965
-23.96
-23.96
-23.96
-23.945
-23.925
-23.915
-23.91
-23.885
-23.855
-23.84
-23.815
-23.79
-23.76
-23.735
-23.7
-23.665
-23.65
-23.62
-23.565
-23.54
-23.505
-23.445
-23.41
-23.375
-23.32
-23.28
-23.215
-23.175
-23.12
-23.095
-23.03
-22.98
-22.96
-22.875
-22.835
-22.835
-22.835
-22.84
-22.845
-22.85
-22.85
-22.85
-22.85
-22.85
-22.855
-22.855
-22.86
-22.86
-22.86
-22.86
-22.86
-22.86
-22.865
-22.865
-22.865
-22.865
-22.865
-22.865
-22.865
-22.865
-22.865
-22.865
-22.865
-22.865
-22.865
-22.86
-22.845
-22.83
-22.82
-22.82
-22.795
-22.795
-22.795
-22.795
-22.79
-22.785
-22.785
-22.785
-22.785
-22.785
-22.785
-22.785
-22.785
-22.785
-22.785
-22.78
-22.785
-22.785
-22.785
-22.78
-22.225
-21.995
-21.445
-20.915
-20.26
-19.635
-18.39
-17.655
-16.85
-16.065
-15.25
-14.45
-13.69
-12.855
-12.045
-11.235
-10.445
-9.585
-8.76
-7.94
-7.075
-6.25
-5.43
-4.64
-3.785
-2.95
-2.105
-1.295
-0.46
0.395
1.225
2.035
2.845
3.69
4.515
5.35
6.165
6.965
7.8
8.63
9.455
10.24
11.105
11.91
12.705
13.55
14.375
15.205
16.06
16.895
17.71
18.575
19.395
20.245
21.1
21.95
22.845
23.7
24.565
25.445
25.84
25.845
25.855
25.855
25.865
25.865
25.87
25.875
25.885
25.89
25.895
25.91
25.91
25.92
25.92
25.93
25.93
25.94
25.94
25.95
25.95
25.95
25.95
25.945
25.935
25.925
25.92
25.915
25.905
25.9
25.9
25.89
25.89
25.89
25.885
25.88
25.885
25.88
25.88
25.88
25.88
25.88
25.88
25.88
25.88
25.855
25.735
25.65
25.565
25.455
25.325
25.23
25.125
25.045
24.95
24.86
24.77
24.69
24.61
24.52
24.43
24.365
24.28
24.2
24.15
24.1
24.04
24
23.975
23.92
23.91
23.87
23.855
23.83
23.825
23.805
23.8
23.795
23.795
23.79
23.795
23.795
23.8
23.81
23.82
23.835
23.855
23.895
23.925
23.98
24.015
24.07
24.125
24.165
24.225
24.28
24.34
24.405
24.49
24.575
24.65
24.74
24.81
24.82
24.83
24.83
24.835
24.83
24.83
24.84
24.84
24.835
24.835
24.835
24.83
24.83
24.83
24.82
24.82
24.82
24.82
24.82
24.815
24.81
24.825
24.84
24.845
24.85
24.85
24.855
24.855
24.855
24.855
24.855
24.855
24.315
23.61
22.985
21.87
21.17
20.495
19.825
19.045
18.36
17.705
17.005
16.365
15.56
14.72
13.92
13.105
12.255
11.41
10.565
9.745
8.915
8.075
7.185
6.355
5.505
4.65
3.82
2.96
2.1
1.265
0.425
-0.42
-1.26
-2.105
-2.96
-3.775
-4.62
-5.44
-6.285
-7.14
-7.96
-8.775
-9.64
-10.475
-11.345
-12.215
-13.075
-13.96
-14.785
-15.675
-16.51
-17.415
-18.28
-19.17
-20.065
-20.93
-21.825
-22.7
-23.59
-24.48
-24.7
-24.58
-24.535
-24.505
-24.5
-24.49
-24.49
-24.49
-24.49
-24.49
-24.49
-24.5
-24.495
-24.495
-24.5
-24.555
-24.545
-24.565
-24.575
-24.605
-24.62
-24.645
-24.665
-24.68
-24.695
-24.71
-24.72
-24.74
-24.745
-24.76
-24.77
-24.79
-24.8
-24.81
-24.825
-24.84
-24.865
-24.875
-24.88
-24.885
-24.885
-24.89
-24.9
-24.89
-24.895
-24.905
-24.91
-24.915
-24.92
-24.93
-24.94
-24.95
-24.96
-24.97
-24.975
-24.985
-24.99
-24.99
-24.995
-25.005
-25.01
-25.02
-25.025
-25.03
-25.035
-25.04
-25.04
-25.04
-25.035
-25.035
-25.04
-25.035
-25.025
-25.025
-25.02
-25.02
-25.015
-24.995
-24.995
-24.99
-24.985
-24.985
-24.985
-24.985
-24.985
-24.985
-24.985
-24.985
-24.985
-24.985
-24.985
-24.985
-24.99
-24.99
-24.995
-24.995
-24.995
-24.995
-24.995
-24.995
-25.005
-25.005
-25.005
-25.005
-25.005
-25.01
-25.015
-25.015
-25.015
-25.02
-25.02
-25.02
-25.02
-25.02
-25.02
-25.02
-25.01
-25.005
-25.005
-25
-24.99
-24.985
-24.975
-24.965
-24.955
-24.955
-24.95
-24.95
-24.95
-24.95
-24.945
-24.895
-24.895
-24.895
-24.895
-24.9
-24.9
-24.9
-24.9
-24.905
-24.91
-24.91
-24.915
-24.915
-24.915
-24.915
-24.915
-24.905
-24.905
-24.905
-24.905
-24.895
-24.895
-24.885
-24.885
-24.88
-24.88
-24.875
-24.875
-24.875
-24.875
-24.875
-24.875
-24.875
-24.875
-24.875
-24.875
-24.88
-24.88
-24.885
-24.89
-24.89
-24.89
-24.89
-24.89
-24.89
-24.89
-24.895
-24.895
-24.895
-24.89
-24.89
-24.895
-24.89
-24.89
-24.89
-24.895
-24.89
-24.89
-24.89
-24.89
-24.89
-24.89
-24.89
-24.89
-24.89
-24.89
-24.885
-24.885
-24.88
-24.885
-24.88
-24.88
-24.88
-24.88
-24.88
-24.88
-24.88
-24.88
-24.88
-24.88
-24.88
-24.885
-24.88
-24.885
-24.885
-24.885
-24.89
-24.89
-24.89
-24.89
-24.89
-24.89
-24.89
-24.89
-24.9
-24.9
-24.9
-24.905
-24.91
-24.91
-24.92
-24.92
-24.92
-24.92
-24.915
-24.915
-24.905
-24.905
-24.895
-24.895
-24.895
-24.885
-24.88
-24.875
-24.875
-24.875
-24.875
-24.875
-24.875
-24.875
-24.875
-24.875
-24.88
-24.875
-24.88
-24.885
-24.885
-24.89
-24.89
-24.89
-24.89
-24.89
-24.89
-24.9
-24.9
-24.9
-24.91
-24.91
-24.91
-24.91
-24.91
-24.915
-24.915
-24.915
-24.915
-24.915
-24.915
-24.915
-24.915
-24.92
-24.92
-24.92
-24.92
-24.92
-24.92
-24.92
-24.92
-24.92
-24.92
-24.92
-24.92
-24.92
-24.92
-24.92
-24.92
-24.92
-24.92
-24.915
-24.915
-24.915
-24.91
-24.91
-24.91
-24.91
-24.91
-24.91
-24.9
-24.9
-24.9
-24.9
-24.9
-24.9
-24.9
-24.9
-24.9
-24.9
-24.9
-24.9
-24.9
-24.9
-24.9
-24.9
-24.9
-24.91
-24.905
-24.91
-24.91
-24.91
-24.91
-24.91
-24.91
-24.92
-24.915
-24.92
-24.92
-24.915
-24.915
-24.91
-24.91
-24.905
-24.9
-24.895
-24.885
-24.885
-24.88
-24.875
-24.875
-24.875
-24.875
-24.865
-24.875
-24.875
-24.875
-24.875
-24.875
-24.875
-24.875
-24.875
-24.88
-24.88
-24.88
-24.88
-24.885
-24.885
-24.89
-24.89
-24.89
-24.89
-24.89
-24.89
-24.89
-24.895
-24.895
-24.89
-24.89
-24.89
-24.895
-24.895
-24.89
-24.895
-24.9
-24.9
-24.9
-24.9
-24.9
-24.91
-24.91
-24.91
-24.91
-25.625
-25.885
-26.175
-26.505
-26.83
-27.21
-27.51
-27.85
-28.205
-28.56
-28.925
-29.285
-29.365
-29.305
-29.295
-29.26
-29.24
-29.235
-29.225
-29.225
-29.225
-29.22
-29.22
-29.22
-29.22
-29.22
-29.22
-29.22
-29.22
-29.22
-29.225
-29.24
-29.265
-29.28
-29.295
-29.3
-29.305
-29.32
-29.32
-29.32
-29.32
-29.32
-29.325
-29.32
-29.32
-29.32
-29.325
-29.325
-29.335
-29.34
-29.335
-29.345
-29.355
-29.38
-29.41
-29.43
-29.45
-29.49
-29.5
-29.505
-29.505
-29.51
-29.515
-29.52
-29.525
-29.53
-29.53
-29.535
-29.535
-29.54
-29.535
-29.535
-29.54
-29.535
-29.54
-29.535
-29.535
-29.535
-29.535
-29.535
-29.53
-29.52
-29.525
-29.52
-29.5
-29.46
-29.445
-29.4
-29.385
-29.355
-29.31
-29.28
-29.245
-29.205
-29.175
-29.13
-29.095
-29.075
-28.995
-28.945
-28.895
-28.845
-28.81
-28.745
-28.675
-28.645
-28.585
-28.55
-28.47
-28.465
-28.465
-28.465
-28.465
-28.465
-28.465
-28.465
-28.465
-28.465
-28.46
-28.455
-28.455
-28.455
-28.455
-28.455
-28.455
-28.455
-28.45
-28.445
-28.445
-28.435
-28.435
-28.43
-28.43
-28.43
-28.43
-28.425
-28.425
-28.425
-28.425
-28.425
-28.425
-28.43
-28.43
-28.135
-28.05
-28.05
-28.05
-28.05
-28.055
-28.055
-28.055
-27.98
-27.74
-27.67
-26.96
-26.525
-25.72
-24.9
-24.16
-23.435
-22.05
-21.18
-20.245
-19.385
-18.455
-17.555
-16.655
-15.71
-14.795
-13.84
-12.9
-11.96
-11.03
-10.08
-9.13
-8.155
-7.22
-6.25
-5.295
-4.355
-3.39
-2.45
-1.495
-0.54
0.41
1.37
2.32
3.26
4.225
5.155
6.1
7.06
8.025
8.96
9.92
10.92
11.85
12.78
13.725
14.695
15.625
16.585
17.57
18.525
19.48
20.485
21.42
22.42
23.445
24.43
25.39
26.44
27.395
28.435
28.685
28.69
28.695
28.695
28.695
28.695
28.695
28.695
28.695
28.695
28.695
28.695
28.695
28.695
28.695
28.685
28.695
28.695
28.695
28.695
28.695
28.695
28.695
28.695
28.695
28.69
28.69
28.69
28.69
28.69
28.685
28.685
28.685
28.68
28.68
28.675
28.675
28.675
28.675
28.67
28.67
28.665
28.66
28.655
28.655
28.645
28.645
28.64
28.64
28.64
28.63
28.63
28.63
28.625
28.665
28.665
28.665
28.665
28.625
28.53
28.39
28.295
28.165
28.075
27.995
27.945
27.875
27.83
27.695
27.66
27.595
27.46
27.42
27.395
27.365
27.33
27.25
27.235
27.22
27.21
27.2
27.2
27.195
27.195
27.195
27.205
27.215
27.24
27.28
27.315
27.36
27.41
27.46
27.53
27.575
27.645
27.72
27.785
27.855
27.935
28.005
28.09
28.165
28.265
28.365
28.465
28.585
28.7
28.82
28.95
29.08
29.215
29.36
29.51
29.525
29.53
29.525
29.52
29.52
29.52
29.515
29.515
29.515
29.52
29.52
29.52
29.52
29.53
29.56
29.57
29.58
29.59
29.6
29.605
29.61
29.61
29.61
29.61
29.61
29.61
29.615
29.62
29.62
29.625
29.625
29.63
29.63
29.635
29.635
29.64
29.645
29.645
29.645
29.655
29.655
29.655
29.66
29.665
29.67
29.675
29.68
29.68
29.68
29.68
29.685
29.685
29.69
29.69
29.69
29.69
29.685
29.69
29.685
29.69
29.68
29.685
29.68
29.68
29.695
29.7
29.7
29.705
29.705
29.705
29.71
29.705
29.71
29.71
29.71
29.71
29.71
29.705
29.705
29.695
29.695
29.685
29.68
29.67
29.66
29.65
29.65
29.64
29.635
29.625
29.625
29.63
29.635
29.635
29.64
29.64
29.645
29.65
29.65
29.66
29.665
29.67
29.675
29.68
29.685
29.69
29.705
29.715
29.715
29.72
29.72
29.725
29.73
29.73
29.73
29.73
29.73
29.73
29.73
29.73
29.725
29.725
29.725
29.72
29.72
29.715
29.715
29.71
29.705
29.705
29.705
29.705
29.7
29.695
29.695
29.69
29.69
29.69
29.685
29.68
29.68
29.675
29.67
29.67
29.67
29.66
29.66
29.655
29.655
29.65
29.65
29.65
29.645
29.645
29.65
29.65
29.655
29.66
29.66
29.665
29.665
29.67
29.675
29.685
29.69
29.695
29.7
29.705
29.71
29.72
29.72
29.72
29.72
29.39
28.59
27.85
26.8
25.945
25.165
24.25
23.43
22.675
21.885
21.06
20.15
19.195
18.245
17.275
16.33
15.36
14.375
13.415
12.44
11.49
10.49
9.54
8.56
7.565
6.595
5.6
4.64
3.66
2.68
1.715
0.73
-0.255
-1.22
-2.195
-3.165
-4.12
-5.095
-6.05
-7.035
-8.01
-8.98
-9.97
-10.965
-11.94
-12.91
-13.89
-14.89
-15.865
-16.87
-17.875
-18.865
-19.87
-20.875
-21.895
-22.89
-23.865
-24.9
-25.925
-26.935
-27.485
-27.41
-27.345
-27.325
-27.31
-27.3
-27.3
-27.295
-27.295
-27.295
-27.295
-27.295
-27.29
-27.29
-27.29
-27.29
-27.295
-27.305
-27.325
-27.335
-27.38
-27.395
-27.415
-27.455
-27.46
-27.465
-27.465
-27.83
-28
-28.08
-28.175
-28.27
-28.39
-28.51
-28.635
-28.77
-28.915
-29.05
-29.195
-29.27
-29.275
-29.28
-29.28
-29.27
-29.26
-29.245
-29.235
-29.23
-29.23
-29.235
-29.24
-29.24
-29.245
-29.245
-29.245
-29.235
-29.235
-29.235
-29.235
-29.225
-29.225
-29.22
-29.215
-29.215
-29.24
-29.24
-29.255
-29.28
-29.285
-29.295
-29.305
-29.31
-29.315
-29.32
-29.325
-29.325
-29.33
-29.33
-29.335
-29.34
-29.35
-29.35
-29.35
-29.355
-29.355
-29.355
-29.35
-29.345
-29.345
-29.34
-29.335
-29.335
-29.325
-29.325
-29.315
-29.315
-29.315
-29.315
-29.315
-29.315
-29.315
-29.31
-29.32
-29.32
-29.32
-29.325
-29.325
-29.325
-29.325
-29.33
-29.33
-29.335
-29.34
-29.34
-29.34
-29.34
-29.34
-29.34
-29.34
-29.295
-29.38
-29.485
-29.57
-29.645
-29.72
-29.805
-29.88
-29.965
-30.055
-30.135
-30.205
-30.29
-30.37
-30.475
-30.53
-30.59
-30.675
-30.75
-30.805
-30.865
-30.905
-30.95
-31
-31.04
-31.07
-31.085
-31.11
-31.125
-31.135
-31.13
-31.13
-31.135
-31.13
-31.13
-31.13
-31.125
-31.115
-31.11
-31.095
-31.08
-31.045
-30.99
-30.945
-30.88
-30.815
-30.75
-30.71
-30.595
-30.505
-30.41
-30.325
-30.255
-30.11
-30.01
-29.865
-29.75
-29.62
-29.485
-29.345
-29.335
-29.335
-29.34
-29.345
-29.345
-29.345
-29.345
-29.345
-29.345
-29.345
-29.34
-29.34
-29.34
-29.33
-29.33
-29.32
-29.315
-29.31
-29.305
-29.31
-29.305
-29.345
-29.385
-29.44
-29.49
-29.555
-29.61
-29.675
-29.73
-29.8
-29.8
-29.805
-29.805
-29.805
-29.83
-29.915
-29.955
-29.95
-29.95
-29.89
-29.82
-29.71
-29.625
-29.52
-29.425
-29.27
-29.145
-28.97
-28.815
-28.81
-28.805
-28.805
-28.805
-28.8
-28.8
-28.8
-28.795
-28.79
-28.775
-28.755
-28.745
-28.745
-28.745
-28.735
-28.725
-28.73
-28.725
-28.725
-28.725
-28.72
-28.72
-28.72
-28.72
-28.72
-28.72
-28.72
-28.72
-28.72
-28.72
-28.715
-28.71
-28.705
-28.705
-28.685
-28.215
-27.64
-27.005
-26.14
-25.315
-24.535
-23.725
-22.41
-21.555
-20.645
-19.745
-18.8
-17.89
-16.97
-16.04
-15.095
-14.125
-13.2
-12.275
-11.295
-10.425
-9.455
-8.455
-7.485
-6.555
-5.55
-4.65
-3.655
-2.67
-1.755
-0.795
0.155
1.095
2.06
3
3.96
4.955
5.905
6.875
7.825
8.78
9.725
10.71
11.67
12.655
13.605
14.545
15.55
16.51
17.49
18.44
19.395
20.365
21.34
22.325
23.32
24.335
25.29
26.275
27.29
27.76
27.755
27.75
27.75
27.745
27.745
27.735
27.74
27.735
27.735
27.735
27.735
27.735
27.735
27.735
27.735
27.735
27.735
27.735
27.735
27.905
28.02
28.075
28.125
28.17
28.195
28.27
28.32
28.39
28.495
28.565
28.655
28.665
28.675
28.68
28.69
28.695
28.7
28.71
28.71
28.71
28.71
28.71
28.7
28.7
28.69
28.68
28.67
28.665
28.66
28.655
28.645
28.645
28.645
28.65
28.655
28.655
28.655
28.645
28.645
28.645
28.645
28.645
28.645
28.655
28.655
28.655
28.655
28.655
28.655
28.575
28.5
28.375
28.26
28.14
28.03
27.925
27.85
27.76
27.685
27.57
27.485
27.41
27.325
27.25
27.18
27.14
27.08
27.045
27
26.975
26.955
26.93
26.905
26.895
26.885
26.88
26.875
26.875
26.87
26.88
26.89
26.9
26.935
26.965
27.01
27.065
27.105
27.16
27.215
27.255
27.32
27.395
27.465
27.55
27.64
27.75
27.85
27.955
28.06
28.18
28.29
28.415
28.525
28.66
28.77
28.78
28.785
28.78
28.78
28.78
28.775
28.775
28.775
28.765
28.765
28.765
28.765
28.765
28.765
28.77
28.775
28.775
28.8
28.82
28.825
28.83
28.835
28.83
28.835
28.825
28.825
28.83
28.835
28.86
28.875
28.9
28.91
28.92
28.935
28.955
28.96
28.98
28.99
29
29.015
29.01
29.01
29.01
29.01
29.01
29.005
29.005
29.005
29.005
29
29
29
29.005
29.01
29.02
29.025
29.04
29.055
29.07
29.075
29.085
29.085
29.085
29.085
29.08
29.08
29.085
29.085
29.08
29.09
29.085
29.085
29.09
29.09
29.085
29.08
29.085
29.09
29.085
29.09
29.09
29.09
29.09
29.09
29.085
29.09
29.085
29.09
29.09
29.09
29.09
29.09
29.09
29.095
29.095
29.095
29.095
29.095
29.095
29.095
29.095
29.095
29.095
29.095
28.93
27.995
27.21
26.3
25.475
24.555
23.74
22.98
22.13
21.39
20.485
19.54
18.6
17.66
16.705
15.725
14.76
13.81
12.82
11.87
10.885
9.91
8.94
7.985
7.01
6.02
5.05
4.07
3.11
2.1
1.15
0.16
-0.81
-1.775
-2.75
-3.73
-4.695
-5.66
-6.645
-7.615
-8.585
-9.56
-10.54
-11.525
-12.51
-13.505
-14.485
-15.445
-16.45
-17.44
-18.445
-19.435
-20.425
-21.445
-22.445
-23.375
-24.45
-25.445
-26.465
-27.495
-28.155
-28.1
-28.04
-28.005
-27.99
-27.99
-27.985
-27.98
-27.98
-27.98
-27.98
-27.98
-27.98
-27.98
-27.975
-27.975
-27.975
-27.975
-27.975
-27.985
-28.01
-28.045
-28.07
-28.095
-28.125
-28.135
-28.14
-28.145
-28.145
-28.155
-28.155
-28.16
-28.165
-28.165
-28.165
-28.17
-28.17
-28.17
-28.17
-28.175
-28.175
-28.17
-28.17
-28.165
-28.16
-28.16
-28.155
-28.155
-28.155
-28.155
-28.15
-28.14
-28.135
-28.125
-28.12
-28.115
-28.11
-28.105
-28.105
-28.105
-28.105
-28.1
-28.1
-28.1
-28.095
-28.1
-28.095
-28.095
-28.095
-28.095
-28.1
-28.095
-28.095
-28.095
-28.095
-28.105
-28.1
-28.095
-28.095
-28.095
-28.1
-28.11
-28.145
-28.15
-28.185
-28.235
-28.305
-28.33
-28.38
-28.44
-28.465
-28.515
-28.57
-28.605
-28.64
-28.69
-28.725
-28.725
-28.81
-28.865
-28.885
-28.905
-28.94
-28.97
-29
-29.03
-29.07
-29.085
-29.1
-29.135
-29.15
-29.17
-29.18
-29.19
-29.2
-29.205
-29.21
-29.22
-29.23
-29.23
-29.235
-29.25
-29.27
-29.27
-29.28
-29.29
-29.29
-29.295
-29.295
-29.3
-29.3
-29.305
-29.305
-29.305
-29.3
-29.295
-29.285
-29.28
-29.26
-29.245
-29.245
-29.235
-29.235
-29.235
-29.235
-29.235
-29.24
-29.235
-29.235
-29.235
-29.23
-29.225
-29.225
-29.225
-29.22
-29.22
-29.22
-29.22
-29.22
-29.22
-29.21
-29.22
-29.22
-29.22
-29.215
-29.21
-29.21
-29.21
-29.205
-29.19
-29.165
-29.145
-29.145
-29.145
-29.145
-29.145
-29.145
-29.145
-29.14
-29.145
-29.14
-29.145
-29.145
-29.145
-29.14
-29.12
-29.115
-29.09
-29.08
-29.08
-29.08
-29.07
-29.065
-29.065
-29.065
-29.065
-29.065
-29.065
-29.065
-29.065
-29.065
-29.065
-29.065
-29.065
-29.21
-29.385
-29.485
-29.585
-29.725
-29.845
-29.98
-30.13
-30.265
-30.415
-30.58
-30.69
-30.85
-31.005
-31.155
-31.3
-31.45
-31.59
-31.745
-31.915
-32.045
-32.195
-32.345
-32.5
-32.645
-32.795
-32.955
-33.11
-33.255
-33.4
-33.42
-33.415
-33.42
-33.415
-33.41
-33.41
-33.41
-33.41
-33.4
-33.4
-33.4
-33.4
-33.4
-33.4
-33.4
-33.405
-33.4
-33.4
-33.4
-33.4
-33.4
-33.4
-33.4
-33.4
-33.4
-33.405
-33.405
-33.405
-33.405
-33.42
-33.435
-33.485
-33.525
-33.575
-33.605
-33.63
-33.67
-33.7
-33.725
-33.76
-33.795
-33.81
-33.84
-33.845
-33.855
-33.86
-33.87
-33.87
-33.885
-33.89
-33.895
-33.905
-33.905
-33.91
-33.91
-33.91
-33.9
-33.895
-33.895
-33.895
-33.9
-33.9
-33.9
-33.9
-33.9
-33.895
-33.895
-33.9
-33.89
-33.89
-33.89
-33.89
-33.89
-33.89
-33.89
-33.89
-33.89
-33.89
-33.885
-33.96
-34.02
-34.07
-34.08
-34.12
-34.125
-34.13
-34.135
-34.135
-34.135
-34.135
-34.135
-34.135
-34.125
-34.11
-34.09
-34.02
-33.955
-33.895
-33.82
-33.725
-33.625
-33.535
-33.415
-33.335
-33.19
-33.07
-32.915
-32.795
-32.74
-32.74
-32.74
-32.735
-32.73
-32.73
-32.725
-32.72
-32.72
-32.72
-32.715
-32.72
-32.715
-32.725
-32.72
-32.725
-32.725
-32.735
-32.735
-32.735
-32.735
-32.74
-32.745
-32.74
-32.74
-32.74
-32.735
-32.705
-32.64
-32.575
-32.545
-32.485
-32.46
-32.43
-32.39
-32.335
-32.3
-32.26
-32.22
-32.175
-32.17
-32.165
-32.16
-32.16
-32.155
-32.155
-32.155
-32.155
-32.155
-32.155
-32.155
-32.16
-32.165
-32.165
-32.165
-32.165
-32.175
-32.175
-32.175
-32.175
-32.175
-32.175
-32.175
-32.175
-32.175
-32.165
-32.165
-32.165
-32.165
-32.16
-32.155
-32.16
-32.155
-32.155
-32.155
-32.155
-32.145
-32.14
-32.14
-32.145
-32.15
-32.15
-32.15
-32.15
-32.145
-32.145
-32.145
-32.15
-32.155
-32.155
-32.16
-31.66
-31.295
-30.725
-29.995
-29.235
-28.46
-27.175
-26.325
-25.44
-24.57
-23.675
-22.805
-21.91
-20.975
-20.06
-19.15
-18.235
-17.35
-16.42
-15.5
-14.565
-13.645
-12.71
-11.795
-10.835
-9.9
-9.01
-8.03
-7.105
-6.155
-5.225
-4.315
-3.385
-2.44
-1.545
-0.635
0.32
1.24
2.205
3.11
4.06
4.99
5.925
6.89
7.795
8.765
9.63
10.61
11.59
12.505
13.435
14.38
15.305
16.295
17.225
18.175
19.105
20.065
20.96
21.91
22.45
22.445
22.44
22.43
22.43
22.425
22.42
22.42
22.415
22.41
22.405
22.405
22.4
22.405
22.405
22.4
22.4
22.4
22.4
22.4
22.405
22.4
22.4
22.4
22.4
22.4
22.4
22.395
22.4
22.4
22.395
22.405
22.405
22.405
22.405
22.405
22.405
22.405
22.705
23.54
23.91
24.365
24.85
25.31
25.805
26.33
26.825
27.33
27.865
28.39
28.92
29.43
29.98
30.52
31.03
31.56
32.01
32.01
32.02
32.025
32.03
32.035
32.04
32.05
32.055
32.065
32.075
32.075
32.085
32.085
32.09
32.085
32.085
32.08
32.41
32.5
32.54
32.6
32.64
32.735
32.81
32.895
33.015
33.105
33.185
33.275
33.37
33.47
33.605
33.7
33.755
33.76
33.765
33.765
33.775
33.785
33.97
33.995
34
34.005
34.01
34.015
34.02
34.025
34.03
34.04
34.04
34.04
34.04
34.04
34.04
34.05
34.05
34.05
34.055
34.055
34.055
34.055
34.055
34.055
34.055
34.055
34.05
34.05
33.96
33.8
33.625
33.435
33.26
33.11
32.945
32.81
32.665
32.54
32.4
32.265
32.115
31.995
31.885
31.795
31.7
31.595
31.515
31.47
31.435
31.37
31.33
31.26
31.26
31.225
31.21
31.185
31.17
31.16
31.155
31.15
31.15
31.155
31.185
31.19
31.19
31.26
31.305
31.37
31.435
31.51
31.57
31.64
31.75
31.85
31.945
32.045
32.17
32.31
32.425
32.56
32.72
32.89
33.06
33.23
33.355
33.37
33.375
33.375
33.375
33.37
33.375
33.375
33.37
33.375
33.37
33.37
33.37
33.365
33.365
33.36
33.355
33.35
33.345
33.35
33.35
33.35
33.345
33.34
33.345
33.345
33.34
33.34
33.355
33.355
33.355
33.35
33.345
33.345
33.345
33.345
33.345
33.345
33.345
33.345
33.345
33.345
33.35
33.345
33.35
32.5
31.715
30.67
29.72
28.715
27.84
26.9
26.04
25.05
23.99
22.875
21.8
20.75
19.605
18.535
17.44
16.39
15.2
14.115
12.995
11.92
10.8
9.715
8.585
7.46
6.365
5.255
4.155
3.075
1.945
0.86
-0.25
-1.36
-2.455
-3.58
-4.685
-5.805
-6.925
-8.055
-9.17
-10.325
-11.455
-12.58
-13.7
-14.835
-15.955
-17.1
-18.245
-19.345
-20.505
-21.645
-22.785
-23.915
-25.06
-26.185
-27.32
-28.475
-29.595
-30.77
-31.88
-31.94
-31.845
-31.815
-31.8
-31.795
-31.79
-31.785
-31.785
-31.785
-31.785
-31.785
-31.785
-31.79
-31.79
-31.79
-31.795
-31.79
-31.805
-31.815
-31.845
-31.87
-32.255
-32.44
-32.535
-32.61
-32.71
-32.83
-32.93
-33.075
-33.19
-33.32
-33.47
-33.61
-33.705
-33.705
-33.705
-33.69
-33.67
-33.655
-33.65
-33.64
-33.64
-33.64
-33.64
-33.64
-33.65
-33.65
-33.65
-33.655
-33.655
-33.66
-33.66
-33.66
-33.66
-33.67
-33.67
-33.68
-33.705
-33.725
-33.745
-33.745
-33.755
-33.755
-33.755
-33.745
-33.745
-33.745
-33.735
-33.735
-33.735
-33.735
-33.735
-33.735
-33.81
-34.015
-34.19
-34.355
-34.51
-34.65
-34.835
-34.99
-35.15
-35.31
-35.465
-35.605
-35.74
-35.885
-36.03
-36.15
-36.3
-36.435
-36.55
-36.675
-36.785
-36.885
-36.98
-37.065
-37.145
-37.23
-37.27
-37.325
-37.375
-37.425
-37.46
-37.475
-37.5
-37.51
-37.525
-37.525
-37.53
-37.53
-37.53
-37.525
-37.52
-37.5
-37.485
-37.44
-37.36
-37.32
-37.225
-37.115
-37.02
-36.915
-36.805
-36.67
-36.54
-36.4
-36.33
-36.19
-36
-35.81
-35.62
-35.42
-35.35
-35.35
-35.35
-35.35
-35.35
-35.36
-35.36
-35.36
-35.36
-35.355
-35.355
-35.36
-35.36
-35.36
-35.36
-35.36
-35.365
-35.37
-35.37
-35.355
-35.205
-35.05
-34.95
-34.845
-34.765
-34.69
-34.58
-34.495
-34.365
-34.255
-34.14
-34.015
-33.975
-33.975
-33.965
-33.965
-33.965
-33.965
-33.96
-33.965
-33.96
-33.96
-33.96
-33.96
-33.96
-33.96
-33.96
-33.96
-33.955
-33.96
-33.96
-33.96
-33.96
-33.96
-33.96
-33.96
-33.96
-33.96
-33.955
-33.955
-33.96
-33.955
-33.955
-33.96
-33.955
-33.955
-33.565
-32.815
-32.03
-31.015
-29.775
-28.525
-27.37
-26.31
-25.2
-24.965
-24.755
-24.605
-24.495
-23.7
-22.535
-21.405
-20.375
-19.56
-18.685
-17.815
-16.975
-16.07
-15.22
-14.385
-13.46
-12.58
-11.715
-10.835
-9.93
-9.06
-8.18
-7.285
-6.405
-5.515
-4.645
-3.735
-2.89
-2.01
-1.16
-0.235
0.63
1.53
2.425
3.325
4.225
5.085
6
6.895
7.76
8.675
9.565
10.43
11.375
12.26
13.15
14.015
14.935
15.805
16.745
17.6
18.5
19.405
20.235
21.2
22.085
22.955
23.895
24.805
25.685
26.63
27.52
28.445
29.395
30.255
31.22
32.185
32.275
32.275
32.28
32.285
32.29
32.29
32.3
32.305
32.31
32.315
32.325
32.325
32.335
32.335
32.335
32.34
32.345
32.345
32.345
32.345
32.805
32.985
33.065
33.135
33.22
33.315
33.45
33.545
33.68
33.81
33.98
34.1
34.175
34.175
34.17
34.17
34.17
34.165
34.16
34.165
34.165
34.165
34.17
34.175
34.18
34.185
34.185
34.185
34.195
34.2
34.2
34.205
34.21
34.22
34.22
34.23
34.23
34.235
34.24
34.245
34.25
34.285
34.29
34.29
34.21
34.035
33.92
33.75
33.585
33.415
33.275
33.12
33
32.87
32.715
32.61
32.48
32.355
32.24
32.15
32.07
31.985
31.92
31.87
31.815
31.785
31.735
31.695
31.67
31.645
31.645
31.645
31.645
31.62
31.615
31.61
31.62
31.62
31.635
31.675
31.72
31.76
31.825
31.895
31.935
31.98
32.095
32.185
32.29
32.38
32.5
32.64
32.76
32.89
33.06
33.185
33.345
33.515
33.695
33.885
34.065
34.075
34.075
34.08
34.085
34.085
34.09
34.095
34.1
34.11
34.11
34.12
34.12
34.125
34.13
34.125
34.13
34.14
34.145
34.145
34.145
34.145
34.14
34.135
34.125
34.12
34.12
34.11
34.11
34.11
34.105
34.105
34.105
34.105
34.105
34.105
33.51
32.66
31.645
30.73
29.635
28.69
27.75
26.84
25.82
24.715
23.6
22.475
21.35
20.235
19.06
17.95
16.795
15.655
14.47
13.335
12.185
11.02
9.905
8.74
7.58
6.425
5.245
4.13
2.955
1.805
0.61
-0.58
-1.73
-2.9
-4.665
-5.235
-6.425
-7.6
-8.77
-9.97
-11.12
-12.33
-13.485
-14.665
-15.85
-17.015
-18.205
-19.345
-20.535
-21.735
-22.88
-24.08
-25.245
-26.425
-27.615
-28.78
-29.97
-31.14
-32.345
-33.515
-33.975
-33.865
-33.815
-33.8
-33.8
-33.79
-33.79
-33.795
-33.8
-33.8
-33.805
-33.805
-33.805
-33.81
-33.815
-33.815
-33.815
-33.82
-33.85
-33.925
-34
-34.04
-34.105
-34.135
-34.2
-34.23
-34.285
-34.34
-34.395
-34.435
-34.495
-34.54
-34.6
-34.635
-34.685
-34.725
-34.775
-34.815
-34.835
-34.885
-34.92
-34.965
-35.005
-35.045
-35.08
-35.11
-35.14
-35.165
-35.19
-35.205
-35.235
-35.25
-35.265
-35.285
-35.29
-35.305
-35.305
-35.315
-35.325
-35.34
-35.345
-35.345
-35.345
-35.345
-35.34
-35.335
-35.335
-35.325
-35.32
-35.32
-35.29
-35.29
-35.245
-35.21
-35.185
-35.14
-35.085
-35.035
-35.035
-35.03
-35.035
-35.045
-35.05
-35.055
-35.045
-35.04
-35.04
-35.05
-35.05
-35.05
-35.055
-35.055
-35.055
-34.995
-34.22
-33.82
-33.415
-33.065
-32.655
-32.255
-31.8
-31.315
-30.82
-30.295
-29.745
-29.195
-28.75
-28.22
-27.75
-26.99
-26.225
-25.655
-25.045
-24.485
-23.895
-23.285
-22.725
-22.11
-21.53
-20.935
-20.325
-19.73
-19.14
-18.54
-17.935
-17.365
-16.78
-16.15
-15.565
-14.99
-14.375
-13.815
-13.18
-12.56
-11.985
-11.395
-10.765
-10.16
-9.575
-8.96
-8.335
-7.745
-7.15
-6.56
-5.945
-5.365
-4.765
-4.155
-3.54
-2.92
-2.34
-1.75
-1.115
-0.53
-0.52
-0.53
-0.575
-0.595
-0.615
-0.625
-0.62
-0.625
-0.625
-0.63
-0.63
-0.625
-0.625
-0.63
-0.625
-0.615
-0.61
-0.595
-0.58
-0.57
-0.565
-0.57
-0.56
-0.555
-0.55
-0.55
-0.545
-0.545
-0.54
-0.54
-0.54
-0.535
-0.535
-0.535
-0.535
-0.55
-0.57
-0.59
-0.625
-0.665
-0.675
-0.705
-0.705
-0.705
-0.7
-0.705
-0.705
-0.705
-0.705
-0.715
-0.715
-0.715
-0.725
-0.73
-0.735
-0.74
-0.77
-0.8
-0.825
-0.85
-0.875
-0.89
-0.91
-0.935
-0.955
-0.965
-0.99
-1
-1.005
-1.01
-1.015
-1.01
-1.02
-1.02
-1.02
-1.02
-1.02
-1.02
-1.015
-1.02
-1.02
-1.025
-0.93
-0.84
-0.785
-0.76
-0.685
-0.64
-0.575
-0.525
-0.46
-0.375
-0.305
-0.275
-0.27
-0.26
-0.26
-0.25
-0.24
-0.24
-0.23
-0.23
-0.225
-0.28
-0.325
-0.38
-0.405
-0.415
-0.42
-0.42


