0
0
0
0
0
0
0
0
0
0
0
0
0
0
0
0
0
0
0
0
0
0
0
0
0
0
-0.005
-0.005
-0.005
-0.005
-0.005
-0.01
-0.015
-0.02
-0.02
-0.02
-0.02
-0.02
-0.015
-0.015
-0.015
-0.015
-0.01
-0.005
-0.005
-0.005
-0.005
-0.005
0
-0.005
-0.005
0
0
0
0
0
0
0
0
0
0
0
0
0
0
0
0
0
0
0
0
0
0
0
0
0
0
0
0
0
0
0
0
0
0
0
0
0
0
0
-0.005
-0.005
-0.005
-0.005
-0.005
-0.005
-0.005
-0.005
-0.005
-0.01
-0.015
-0.015
-0.015
-0.01
-0.015
-0.015
-0.015
-0.01
-0.01
-0.01
-0.005
-0.005
-0.005
-0.005
0
0
0
0
0
0
0
0
0
0
0
0
0
0
0
0
0
0
0
0
0
0
0
0
0
0
0
0
0
-0.005
-0.005
0
0
0
-0.01
-0.03
-0.03
-0.03
-0.03
-0.035
-0.04
-0.045
-0.05
-0.055
-0.06
-0.06
-0.06
-0.06
-0.06
-0.06
-0.06
-0.06
-0.065
-0.065
-0.065
-0.065
-0.06
-0.06
-0.06
-0.06
-0.055
-0.05
-0.05
-0.05
-0.05
-0.05
-0.05
-0.05
-0.05
-0.05
-0.05
-0.045
-0.045
-0.045
-0.045
-0.045
-0.045
-0.045
-0.045
-0.045
-0.045
-0.045
-0.045
-0.045
-0.045
-0.045
-0.045
-0.045
-0.045
-0.045
-0.045
-0.045
-0.045
-0.045
-0.045
-0.045
-0.045
-0.045
-0.045
-0.045
-0.045
-0.045
-0.045
-0.045
-0.045
-0.045
-0.045
-0.045
-0.045
-0.045
-0.045
-0.045
-0.045
-0.045
-0.045
-0.045
-0.045
-0.045
-0.045
-0.045
-0.045
-0.045
-0.045
-0.045
-0.045
-0.05
-0.05
-0.05
-0.05
-0.05
-0.05
-0.05
-0.05
-0.055
-0.055
-0.06
-0.06
-0.06
-0.06
-0.06
-0.06
-0.06
-0.06
-0.06
-0.06
-0.06
-0.055
-0.05
-0.05
-0.05
-0.05
-0.05
-0.05
-0.05
-0.05
-0.05
-0.05
-0.05
-0.055
-0.055
-0.055
-0.06
-0.06
-0.06
-0.055
-0.055
-0.055
-0.055
-0.055
-0.055
-0.05
-0.05
-0.05
-0.05
-0.05
-0.045
-0.045
-0.045
-0.045
-0.045
-0.045
-0.045
-0.045
-0.045
-0.045
-0.045
-0.045
-0.045
-0.045
-0.045
-0.045
-0.045
-0.045
-0.045
-0.045
-0.045
-0.045
-0.045
-0.045
-0.045
-0.045
-0.05
-0.05
-0.05
-0.05
-0.05
-0.05
-0.05
-0.05
-0.055
-0.06
-0.06
-0.06
-0.055
-0.055
-0.055
-0.055
-0.055
-0.05
-0.05
-0.05
-0.045
-0.05
-0.045
-0.045
-0.045
-0.045
-0.045
-0.045
-0.045
-0.045
-0.045
-0.045
-0.045
-0.045
-0.045
-0.045
-0.045
-0.045
-0.045
-0.045
-0.045
-0.05
-0.045
-0.05
-0.05
-0.05
-0.05
-0.055
-0.06
-0.06
-0.06
-0.06
-0.06
-0.055
-0.06
-0.055
-0.05
-0.05
-0.05
-0.05
-0.05
-0.05
-0.05
-0.05
-0.05
-0.05
-0.045
-0.045
-0.045
-0.045
-0.045
-0.045
-0.045
-0.045
-0.045
-0.045
-0.045
-0.045
-0.045
-0.045
-0.045
-0.045
-0.05
-0.045
-0.045
-0.045
-0.045
-0.045
-0.045
-0.045
-0.045
-0.045
-0.045
-0.045
-0.045
-0.045
-0.045
-0.045
-0.05
-0.05
-0.05
-0.05
-0.045
-0.05
-0.05
-0.05
-0.05
-0.05
-0.05
-0.05
-0.05
-0.05
-0.05
-0.05
-0.05
-0.05
-0.05
-0.05
-0.05
-0.05
-0.05
-0.045
-0.05
-0.045
-0.05
-0.05
-0.05
-0.05
-0.045
-0.045
-0.045
-0.045
-0.045
-0.045
-0.045
-0.045
-0.045
-0.045
-0.045
-0.045
-0.045
-0.045
-0.045
-0.045
-0.045
-0.045
-0.045
-0.045
-0.045
-0.045
-0.045
-0.045
-0.045
-0.045
-0.045
-0.045
-0.045
-0.045
-0.04
-0.045
-0.045
-0.045
-0.04
-0.045
-0.04
-0.045
-0.04
-0.045
-0.045
-0.045
-0.045
-0.045
-0.045
-0.045
-0.05
-0.05
-0.05
-0.05
-0.05
-0.05
-0.05
-0.05
-0.04
-0.04
-0.04
-0.04
-0.035
-0.035
-0.03
-0.015
-0.015
-0.015
-0.01
-0.005
-0.005
0
0
0
0
0
0
0
-0.005
0
0
-0.005
-0.005
-0.005
-0.005
0
-0.005
-0.005
-0.005
-0.005
-0.005
-0.005
-0.005
-0.005
-0.005
-0.005
0
-0.005
-0.005
-0.005
0
-0.005
0
-0.005
0
0
0
0
0
0
0
0
0
0
-0.005
0
0
0
0
0
0
0
0
0
-0.005
-0.005
-0.005
-0.005
0
-0.005
0
0
0
0
0
0
0
0
0
0
0
0.005
0.005
0
0
0
0
0
0
0
0
0.005
0
-0.005
-0.015
-0.04
-0.055
-0.06
-0.07
-0.07
-0.075
-0.085
-0.085
-0.09
-0.09
-0.095
-0.095
-0.1
-0.1
-0.1
-0.1
-0.1
-0.1
-0.1
-0.11
-0.145
-0.185
-0.225
-0.275
-0.31
-0.355
-0.4
-0.445
-0.49
-0.54
-0.57
-0.575
-0.575
-0.58
-0.575
-0.59
-0.595
-0.595
-0.6
-0.6
-0.6
-0.61
-0.62
-0.63
-0.64
-0.66
-0.685
-0.71
-0.73
-0.75
-0.775
-0.805
-0.82
-0.825
-0.835
-0.845
-0.85
-0.855
-0.865
-0.87
-0.88
-0.895
-0.915
-0.94
-0.96
-0.98
-1
-1.03
-1.05
-1.08
-1.1
-1.13
-1.14
-1.15
-1.15
-1.155
-1.17
-1.175
-1.175
-1.185
-1.18
-1.18
-1.18
-1.19
-1.18
-1.185
-1.185
-1.18
-1.185
-1.185
-1.185
-1.185
-1.19
-1.185
-1.185
-1.185
-1.185
-1.185
-1.185
-1.185
-1.185
-1.185
-1.185
-1.185
-1.19
-1.19
-1.19
-1.195
-1.195
-1.19
-1.19
-1.19
-1.19
-1.205
-1.255
-1.26
-1.26
-1.26
-1.235
-1.225
-1.28
-1.38
-1.42
-1.46
-1.51
-1.53
-1.53
-1.53
-1.525
-1.52
-1.52
-1.515
-1.515
-1.515
-1.515
-1.51
-1.51
-1.51
-1.51
-1.51
-1.51
-1.51
-1.525
-1.53
-1.535
-1.54
-1.55
-1.55
-1.55
-1.555
-1.56
-1.555
-1.56
-1.56
-1.56
-1.555
-1.56
-1.56
-1.56
-1.56
-1.56
-1.56
-1.56
-1.56
-1.56
-1.56
-1.56
-1.56
-1.56
-1.56
-1.56
-1.56
-1.56
-1.56
-1.56
-1.555
-1.555
-1.555
-1.555
-1.55
-1.55
-1.55
-1.565
-1.545
-1.46
-1.31
-1.2
-1.085
-0.81
-0.815
-0.605
-0.455
-0.305
-0.15
-0.09
-0.075
-0.07
-0.055
-0.055
-0.055
-0.055
-0.055
-0.055
-0.05
-0.045
-0.045
-0.04
-0.04
-0.035
-0.03
-0.015
-0.03
-0.015
-0.015
-0.015
-0.015
-0.015
-0.015
-0.01
-0.01
0.04
0.085
0.14
0.18
0.225
0.275
0.31
0.33
0.335
0.34
0.34
0.34
0.34
0.34
0.34
0.345
0.35
0.355
0.35
0.355
0.355
0.355
0.375
0.41
0.445
0.46
0.505
0.545
0.585
0.62
0.66
0.7
0.745
0.75
0.76
0.77
0.77
0.765
0.765
0.775
0.78
0.78
0.775
0.8
0.815
0.835
0.86
0.87
0.89
0.91
0.93
0.955
0.97
0.985
1
1.005
1.01
1.01
1.015
1.015
1.015
1.015
1.02
1.015
1.015
1.025
1.025
1.025
1.03
1.03
1.035
1.035
1.04
1.04
1.045
1.045
1.05
1.05
1.055
1.06
1.06
1.06
1.055
1.06
1.06
1.06
1.06
1.06
1.055
1.055
1.05
1.05
1.05
1.05
1.05
1.05
1.06
1.06
1.06
1.06
1.065
1.065
1.065
1.065
1.07
1.075
1.075
1.08
1.08
1.08
1.08
1.08
1.08
1.08
1.08
1.08
1.075
1.075
1.07
1.065
1.065
1.065
1.065
1.06
1.06
1.06
1.06
1.06
1.06
1.06
1.06
1.06
1.06
1.06
1.065
1.065
1.065
1.06
1.06
1.065
1.065
1.065
1.065
1.065
1.065
1.075
1.075
1.08
1.08
1.095
1.11
1.115
1.13
1.175
1.215
1.255
1.305
1.35
1.395
1.445
1.5
1.525
1.525
1.525
1.53
1.53
1.53
1.53
1.53
1.53
1.53
1.53
1.53
1.53
1.53
1.53
1.53
1.53
1.53
1.53
1.53
1.53
1.53
1.53
1.575
1.585
1.58
1.585
1.61
1.61
1.61
1.61
1.605
1.605
1.61
1.61
1.61
1.61
1.605
1.61
1.61
1.61
1.61
1.61
1.615
1.62
1.625
1.63
1.635
1.635
1.635
1.635
1.635
1.635
1.635
1.635
1.635
1.635
1.635
1.635
1.635
1.635
1.635
1.635
1.635
1.635
1.63
1.63
1.63
1.63
1.63
1.625
1.63
1.63
1.625
1.625
1.625
1.63
1.625
1.625
1.625
1.625
1.625
1.62
1.62
1.62
1.62
1.625
1.62
1.62
1.62
1.615
1.615
1.61
1.61
1.61
1.61
1.615
1.615
1.615
1.62
1.62
1.62
1.62
1.625
1.63
1.63
1.63
1.635
1.635
1.635
1.635
1.635
1.635
1.635
1.63
1.625
1.625
1.625
1.625
1.62
1.625
1.62
1.62
1.62
1.62
1.62
1.615
1.615
1.615
1.615
1.615
1.61
1.61
1.615
1.615
1.62
1.62
1.62
1.62
1.62
1.62
1.625
1.625
1.63
1.63
1.63
1.63
1.63
1.635
1.64
1.64
1.64
1.64
1.64
1.64
1.63
1.63
1.63
1.63
1.63
1.63
1.63
1.63
1.625
1.625
1.625
1.615
1.615
1.615
1.615
1.615
1.615
1.615
1.615
1.615
1.62
1.625
1.625
1.625
1.625
1.625
1.625
1.625
1.63
1.63
1.63
1.63
1.63
1.63
1.63
1.63
1.63
1.63
1.63
1.63
1.63
1.63
1.625
1.625
1.625
1.625
1.625
1.625
1.625
1.625
1.625
1.625
1.625
1.62
1.62
1.625
1.625
1.625
1.625
1.63
1.63
1.63
1.63
1.63
1.63
1.635
1.64
1.635
1.635
1.64
1.635
1.635
1.63
1.63
1.63
1.63
1.63
1.625
1.625
1.62
1.62
1.615
1.615
1.615
1.615
1.615
1.62
1.62
1.62
1.625
1.63
1.63
1.63
1.63
1.63
1.64
1.64
1.64
1.64
1.635
1.64
1.64
1.635
1.63
1.63
1.63
1.63
1.63
1.63
1.63
1.625
1.625
1.625
1.62
1.62
1.62
1.615
1.615
1.615
1.615
1.615
1.61
1.61
1.61
1.61
1.61
1.61
1.61
1.61
1.61
1.61
1.61
1.61
1.615
1.615
1.61
1.615
1.615
1.615
1.615
1.61
1.615
1.615
1.615
1.615
1.615
1.615
1.635
1.63
1.635
1.63
1.63
1.635
1.63
1.63
1.635
1.63
1.63
1.63
1.63
1.63
1.63
1.63
1.63
1.635
1.63
1.63
1.63
1.625
1.625
1.625
1.615
1.615
1.615
1.615
1.62
1.625
1.625
1.615
1.615
1.615
1.615
1.615
1.615
1.615
1.625
1.62
1.62
1.62
1.62
1.62
1.625
1.625
1.625
1.625
1.625
1.63
1.63
1.63
1.63
1.625
1.63
1.625
1.615
1.615
1.62
1.615
1.615
1.615
1.615
1.615
1.61
1.61
1.61
1.61
1.605
1.605
1.605
1.605
1.605
1.605
1.6
1.595
1.595
1.595
1.595
1.59
1.595
1.59
1.595
1.595
1.595
1.595
1.595
1.605
1.605
1.605
1.605
1.605
1.61
1.61
1.61
1.61
1.61
1.615
1.615
1.62
1.61
1.525
1.445
1.38
1.28
1.155
1.045
0.955
0.855
0.815
0.81
0.805
0.805
0.8
0.8
0.8
0.795
0.795
0.79
0.79
0.79
0.79
0.79
0.785
0.755
0.72
0.685
0.63
0.57
0.525
0.5
0.455
0.445
0.435
0.425
0.425
0.425
0.42
0.415
0.41
0.41
0.41
0.415
0.41
0.41
0.41
0.41
0.405
0.4
0.395
0.385
0.37
0.35
0.335
0.31
0.295
0.27
0.255
0.24
0.235
0.23
0.225
0.22
0.22
0.215
0.21
0.21
0.2
0.19
0.18
0.17
0.16
0.15
0.14
0.135
0.13
0.105
0.115
0.095
0.085
0.085
0.085
0.075
0.075
0.07
0.065
0.065
0.06
0.05
0.045
0.035
0.03
0.01
0
0
-0.01
-0.01
-0.01
-0.01
-0.02
-0.025
-0.025
-0.04
-0.045
-0.06
-0.055
-0.06
-0.065
-0.065
-0.065
-0.07
-0.07
-0.07
-0.07
-0.07
-0.075
-0.075
-0.075
-0.075
-0.075
-0.075
-0.08
-0.08
-0.08
-0.08
-0.08
-0.08
-0.08
-0.08
-0.08
-0.075
-0.075
-0.075
-0.075
-0.075
-0.075
-0.075
-0.075
-0.075
-0.075
-0.075
-0.07
-0.07
-0.07
-0.07
-0.07
-0.075
-0.075
-0.07
-0.075
-0.075
-0.075
-0.075
-0.075
-0.075
-0.075
-0.075
-0.075
-0.075
-0.075
-0.075
-0.075
-0.075
-0.075
-0.075
-0.075
-0.08
-0.08
-0.08
-0.08
-0.08
-0.08
-0.08
-0.08
-0.08
-0.08
-0.08
-0.08
-0.08
-0.08
-0.08
-0.08
-0.085
-0.085
-0.085
-0.085
-0.085
-0.085
-0.085
-0.085
-0.085
-0.085
-0.085
-0.085
-0.085
-0.085
-0.085
-0.085
-0.085
-0.085
-0.085
-0.085
-0.085
-0.085
-0.085
-0.085
-0.085
-0.08
-0.08
-0.08
-0.08
-0.08
-0.08
-0.08
-0.08
-0.08
-0.08
-0.085
-0.08
-0.08
-0.08
-0.08
-0.075
-0.08
-0.08
-0.08
-0.075
-0.075
-0.07
-0.075
-0.07
-0.075
-0.075
-0.075
-0.075
-0.07
-0.075
-0.08
-0.075
-0.075
-0.075
-0.08
-0.075
-0.075
-0.08
-0.08
-0.08
-0.08
-0.08
-0.08
-0.08
-0.08
-0.085
-0.085
-0.085
-0.085
-0.085
-0.085
-0.09
-0.09
-0.09
-0.09
-0.09
-0.09
-0.085
-0.085
-0.085
-0.085
-0.085
-0.085
-0.08
-0.085
-0.085
-0.08
-0.08
-0.08
-0.08
-0.08
-0.08
-0.08
-0.075
-0.08
-0.08
-0.08
-0.085
-0.085
-0.085
-0.085
-0.085
-0.085
-0.085
-0.09
-0.09
-0.09
-0.085
-0.09
-0.085
-0.085
-0.085
-0.085
-0.085
-0.085
-0.085
-0.085
-0.085
-0.08
-0.08
-0.08
-0.08
-0.085
-0.08
-0.085
-0.085
-0.085
-0.085
-0.085
-0.085
-0.09
-0.09
-0.09
-0.09
-0.09
-0.09
-0.09
-0.09
-0.09
-0.09
-0.09
-0.09
-0.085
-0.085
-0.085
-0.085
-0.085
-0.085
-0.085
-0.085
-0.08
-0.08
-0.08
-0.08
-0.08
-0.08
-0.085
-0.27
-0.38
-0.5
-0.615
-0.745
-0.87
-1.005
-1.14
-1.3
-1.465
-1.625
-1.72
-1.73
-1.735
-1.74
-1.74
-1.74
-1.74
-1.74
-1.735
-1.73
-1.73
-1.73
-1.73
-1.73
-1.73
-1.73
-1.735
-1.735
-1.735
-1.735
-1.735
-1.735
-1.735
-1.735
-1.735
-1.74
-1.77
-1.815
-1.83
-1.83
-1.855
-1.875
-1.895
-1.905
-1.915
-1.925
-1.935
-1.945
-1.955
-1.975
-1.99
-2
-2.02
-2.035
-2.055
-2.06
-2.07
-2.08
-2.095
-2.11
-2.125
-2.14
-2.145
-2.145
-2.15
-2.15
-2.155
-2.155
-2.155
-2.155
-2.16
-2.16
-2.16
-2.16
-2.16
-2.16
-2.16
-2.16
-2.16
-2.16
-2.16
-2.155
-2.155
-2.15
-2.15
-2.15
-2.15
-2.15
-2.15
-2.15
-2.15
-2.15
-2.15
-2.15
-2.15
-2.15
-2.15
-2.15
-2.15
-2.15
-2.15
-2.15
-2.155
-2.15
-2.15
-2.15
-2.15
-2.15
-2.15
-2.155
-2.155
-2.155
-2.155
-2.155
-2.155
-2.155
-2.16
-2.16
-2.165
-2.165
-2.165
-2.165
-2.17
-2.17
-2.17
-2.175
-2.175
-2.175
-2.18
-2.185
-2.19
-2.19
-2.195
-2.195
-2.2
-2.2
-2.2
-2.2
-2.2
-2.2
-2.195
-2.195
-2.19
-2.19
-2.19
-2.185
-2.185
-2.18
-2.18
-2.185
-2.18
-2.18
-2.185
-2.185
-2.185
-2.185
-2.19
-2.19
-2.195
-2.19
-2.195
-2.2
-2.2
-2.205
-2.205
-2.21
-2.21
-2.205
-2.21
-2.2
-2.2
-2.2
-2.2
-2.195
-2.195
-2.19
-2.185
-2.185
-2.185
-2.185
-2.185
-2.185
-2.185
-2.185
-2.185
-2.185
-2.185
-2.185
-2.04
-2.25
-2.27
-2.27
-2.27
-2.27
-2.27
-2.275
-2.28
-2.28
-2.285
-2.285
-2.29
-2.29
-2.29
-2.285
-2.28
-2.28
-2.28
-2.275
-2.27
-2.27
-2.265
-2.265
-2.265
-2.26
-2.265
-2.26
-2.265
-2.26
-2.265
-2.26
-2.27
-2.27
-2.27
-2.27
-2.27
-2.275
-2.28
-2.28
-2.285
-2.285
-2.29
-2.285
-2.29
-2.285
-2.285
-2.28
-2.28
-2.275
-2.275
-2.27
-2.265
-2.265
-2.265
-2.265
-2.26
-2.265
-2.26
-2.265
-2.27
-2.27
-2.27
-2.27
-2.27
-2.27
-2.27
-2.275
-2.28
-2.285
-2.29
-2.285
-2.29
-2.285
-2.285
-2.285
-2.28
-2.28
-2.28
-2.27
-2.27
-2.265
-2.265
-2.265
-2.265
-2.265
-2.265
-2.26
-2.265
-2.265
-2.27
-2.27
-2.27
-2.27
-2.27
-2.27
-2.27
-2.28
-2.28
-2.285
-2.285
-2.285
-2.29
-2.285
-2.285
-2.28
-2.28
-2.28
-2.28
-2.275
-2.275
-2.27
-2.265
-2.265
-2.265
-2.26
-2.26
-2.26
-2.265
-2.265
-2.265
-2.27
-2.27
-2.27
-2.27
-2.27
-2.27
-2.275
-2.275
-2.28
-2.285
-2.285
-2.29
-2.29
-2.285
-2.32
-2.34
-2.37
-2.395
-2.425
-2.515
-2.585
-2.615
-2.615
-2.615
-2.61
-2.605
-2.605
-2.605
-2.605
-2.605
-2.61
-2.61
-2.61
-2.61
-2.61
-2.61
-2.61
-2.615
-2.615
-2.62
-2.62
-2.625
-2.625
-2.63
-2.63
-2.63
-2.63
-2.63
-2.625
-2.62
-2.62
-2.62
-2.61
-2.61
-2.6
-2.61
-2.6
-2.6
-2.6
-2.6
-2.6
-2.6
-2.605
-2.61
-2.61
-2.61
-2.61
-2.61
-2.61
-2.61
-2.62
-2.62
-2.625
-2.625
-2.625
-2.63
-2.63
-2.63
-2.625
-2.625
-2.625
-2.63
-2.62
-2.62
-2.615
-2.61
-2.61
-2.605
-2.605
-2.605
-2.61
-2.605
-2.605
-2.605
-2.61
-2.61
-2.61
-2.61
-2.61
-2.615
-2.61
-2.6
-2.615
-2.62
-2.62
-2.62
-2.625
-2.63
-2.63
-2.63
-2.46
-2.125
-1.775
-1.495
-1.17
-0.76
-0.4
-0.055
0.265
0.595
0.955
1.21
1.245
1.245
1.265
1.265
1.28
1.285
1.29
1.285
1.285
1.285
1.285
1.29
1.29
1.285
1.285
1.29
1.285
1.275
1.295
1.335
1.39
1.445
1.505
1.555
1.605
1.68
1.74
1.785
1.815
1.825
1.835
1.84
1.835
1.845
1.845
1.85
1.85
1.86
1.855
1.86
1.86
1.87
1.865
1.895
1.9
1.9
1.92
1.925
1.935
1.94
1.97
1.975
1.98
1.99
1.995
2
2
2.005
2.01
2.01
2.01
2.01
2.015
2.015
2.015
2.015
2.015
2.015
2.025
2.02
2.015
2.015
2.02
2.02
2.025
2.02
2.02
2.02
2.02
2.025
2.025
2.02
2.025
2.02
2.025
2.02
2.025
2.025
2.025
2.025
2.025
2.025
2.025
2.025
2.02
2.025
2.02
2.02
2.025
2.025
2.025
2.02
2.02
2.045
2.05
2.055
2.05
2.07
2.07
2.07
2.065
2.06
2.07
2.06
2.06
2.06
2.06
2.06
2.06
2.06
2.06
2.06
2.06
2.065
2.07
2.07
2.07
2.07
2.07
2.07
2.065
2.07
2.07
2.07
2.07
2.07
2.07
2.075
2.07
2.07
2.065
2.065
2.07
2.075
2.065
2.065
2.07
2.07
2.065
2.07
2.065
2.065
2.065
2.065
2.065
2.065
2.06
2.06
2.06
2.06
2.06
2.06
2.06
2.06
2.07
2.07
2.09
2.16
2.21
2.265
2.305
2.365
2.41
2.465
2.545
2.63
2.705
2.735
2.735
2.735
2.735
2.735
2.735
2.73
2.73
2.73
2.725
2.725
2.725
2.725
2.725
2.725
2.725
2.725
2.725
2.725
2.725
2.725
2.725
2.725
2.725
2.725
2.725
2.725
2.725
2.725
2.725
2.725
2.725
2.725
2.72
2.72
2.72
2.715
2.715
2.72
2.72
2.715
2.715
2.72
2.72
2.72
2.72
2.725
2.725
2.725
2.725
2.725
2.725
2.725
2.73
2.73
2.73
2.725
2.725
2.725
2.725
2.725
2.725
2.725
2.725
2.725
2.725
2.72
2.715
2.715
2.71
2.715
2.715
2.71
2.715
2.715
2.715
2.715
2.715
2.715
2.72
2.72
2.725
2.725
2.725
2.725
2.73
2.725
2.705
2.495
2.28
2.075
1.875
1.66
1.41
1.165
0.95
0.715
0.435
0.13
0.065
0.07
0.065
0.065
0.065
0.065
0.07
0.065
0.065
0.055
0.06
0.055
-0.065
-0.065
-0.07
-0.07
-0.07
-0.075
-0.075
-0.075
-0.08
-0.08
-0.08
-0.08
-0.08
-0.08
-0.075
-0.075
-0.075
-0.07
-0.07
-0.075
-0.075
-0.075
-0.07
-0.07
-0.075
-0.075
-0.075
-0.075
-0.07
-0.065
-0.065
-0.075
-0.07
-0.065
-0.07
-0.07
-0.07
-0.065
-0.07
-0.07
-0.075
-0.075
-0.075
-0.075
-0.075
-0.075
-0.075
-0.07
-0.075
-0.075
-0.075
-0.075
-0.075
-0.075
-0.075
-0.075
-0.075
-0.075
-0.075
-0.075
-0.075
-0.075
-0.075
-0.075
-0.075
-0.075
-0.075
-0.075
-0.075
-0.075
-0.075
-0.075
-0.075
-0.075
-0.075
-0.075
-0.075
-0.075
-0.075
-0.07
-0.07
-0.075
-0.075
-0.075
-0.07
-0.07
-0.07
-0.07
-0.07
-0.07
-0.07
-0.07
-0.07
-0.065
-0.065
-0.07
-0.065
-0.065
-0.065
-0.065
-0.065
-0.065
-0.065
-0.065
-0.07
-0.075
-0.075
-0.075
-0.075
-0.07
-0.07
-0.07
-0.075
-0.07
-0.07
-0.07
-0.07
-0.065
-0.065
-0.065
-0.065
-0.065
-0.065
-0.065
-0.065
-0.065
-0.06
-0.06
-0.055
-0.055
-0.055
-0.055
-0.055
-0.055
-0.055
-0.04
-0.04
-0.04
-0.04
-0.04
-0.04
-0.04
-0.04
-0.04
-0.04
-0.04
-0.04
-0.04
-0.04
-0.04
-0.04
-0.04
-0.035
-0.035
-0.035
-0.035
-0.03
-0.035
-0.035
-0.035
-0.03
-0.035
-0.035
-0.035
-0.035
-0.03
-0.03
-0.03
-0.03
-0.03
-0.03
-0.03
-0.03
-0.03
-0.03
0.155
-0.03
-0.035
-0.035
-0.035
-0.035
-0.035
-0.035
-0.035
-0.035
-0.035
-0.035
-0.035
-0.035
-0.035
-0.035
-0.035
-0.035
-0.035
-0.035
-0.035
-0.04
-0.04
-0.04
-0.055
-0.04
-0.04
-0.04
-0.055
-0.05
-0.05
-0.04
-0.04
-0.04
-0.04
-0.055
-0.055
-0.04
-0.055
-0.055
-0.055
-0.055
-0.055
-0.055
-0.055
-0.055
-0.035
-0.055
-0.04
-0.04
-0.04
-0.04
-0.035
-0.035
-0.035
-0.035
-0.035
-0.035
-0.035
-0.03
-0.035
-0.03
-0.03
-0.03
-0.03
-0.03
-0.03
-0.03
-0.03
-0.025
-0.025
-0.03
-0.025
-0.03
-0.025
-0.03
-0.03
-0.03
-0.03
-0.03
-0.025
-0.03
-0.03
-0.03
-0.03
-0.03
-0.03
-0.03
-0.03
-0.03
-0.03
-0.03
-0.03
-0.03
-0.275
-0.51
-0.73
-0.95
-1.18
-1.425
-1.67
-1.94
-2.225
-2.515
-2.815
-3.035
-3.04
-3.04
-3.04
-3.045
-3.045
-3.045
-3.045
-3.045
-3.05
-3.055
-3.055
-3.055
-3.055
-3.06
-3.065
-3.065
-3.08
-3.095
-3.175
-3.265
-3.35
-3.465
-3.57
-3.655
-3.76
-3.855
-3.935
-4.02
-4.05
-4.065
-4.07
-4.08
-4.09
-4.09
-4.095
-4.1
-4.1
-4.105
-4.11
-4.11
-4.11
-4.11
-4.12
-4.115
-4.115
-4.12
-4.12
-4.12
-4.12
-4.12
-4.12
-4.12
-4.125
-4.13
-4.13
-4.13
-4.13
-4.13
-4.12
-4.12
-4.125
-4.125
-4.125
-4.125
-4.125
-4.12
-4.115
-4.115
-4.12
-4.12
-4.12
-4.12
-4.12
-4.115
-4.12
-4.125
-4.125
-4.13
-4.13
-4.13
-4.13
-4.135
-4.13
-4.14
-4.14
-4.14
-4.15
-4.15
-4.15
-4.155
-4.16
-4.16
-4.16
-4.16
-4.16
-4.16
-4.16
-4.16
-4.16
-4.16
-4.16
-4.165
-4.165
-4.16
-4.16
-4.16
-4.16
-4.16
-4.16
-4.155
-4.15
-4.15
-4.15
-4.145
-4.145
-4.145
-4.15
-4.145
-4.145
-4.145
-4.145
-4.145
-4.145
-4.145
-4.145
-4.145
-4.145
-4.145
-4.15
-4.255
-4.295
-4.3
-4.305
-4.315
-4.33
-4.34
-4.345
-4.355
-4.365
-4.4
-4.46
-4.465
-4.46
-4.465
-4.465
-4.465
-4.47
-4.47
-4.47
-4.47
-4.465
-4.47
-4.47
-4.465
-4.47
-4.465
-4.46
-4.47
-4.46
-4.46
-4.46
-4.46
-4.46
-4.45
-4.45
-4.45
-4.45
-4.45
-4.45
-4.45
-4.45
-4.445
-4.45
-4.445
-4.445
-4.45
-4.45
-4.445
-4.445
-4.45
-4.45
-4.45
-4.45
-4.45
-4.45
-4.455
-4.46
-4.46
-4.465
-4.46
-4.47
-4.465
-4.465
-4.47
-4.465
-4.46
-4.46
-4.46
-4.455
-4.45
-4.45
-4.45
-4.45
-4.45
-4.45
-4.45
-4.445
-4.445
-4.445
-4.445
-4.445
-4.445
-4.445
-4.445
-4.445
-4.445
-4.45
-4.45
-4.45
-4.45
-4.45
-4.45
-4.45
-4.45
-4.45
-4.45
-4.45
-4.45
-4.45
-4.45
-4.45
-4.45
-4.45
-4.45
-4.45
-4.45
-4.445
-4.45
-4.45
-4.455
-4.45
-4.45
-4.45
-4.45
-4.45
-4.45
-4.45
-4.46
-4.45
-4.465
-4.28
-4.04
-3.855
-3.71
-3.52
-3.31
-3.105
-2.895
-2.66
-2.465
-2.3
-2.02
-1.75
-1.515
-1.27
-1.075
-0.855
-0.64
-0.425
-0.195
0.025
0.25
0.485
0.735
1.01
1.28
1.565
1.835
2.13
2.335
2.39
2.39
2.395
2.4
2.4
2.41
2.41
2.41
2.41
2.415
2.415
2.415
2.415
2.415
2.415
2.415
2.415
2.415
2.415
2.415
2.415
2.425
2.43
2.45
2.455
2.46
2.465
2.475
2.48
2.48
2.48
2.505
2.525
2.555
2.585
2.615
2.635
2.66
2.69
2.76
2.735
2.75
2.795
2.79
2.795
2.8
2.815
2.81
2.815
2.815
2.815
2.815
2.815
2.815
2.82
2.815
2.82
2.82
2.82
2.82
2.82
2.825
2.82
2.825
2.825
2.825
2.825
2.83
2.83
2.83
2.87
2.925
2.97
3.025
3.085
3.145
3.215
3.275
3.34
3.395
3.45
3.47
3.48
3.485
3.49
3.49
3.5
3.5
3.5
3.505
3.5
3.51
3.51
3.51
3.505
3.51
3.505
3.51
3.51
3.51
3.51
3.51
3.51
3.51
3.515
3.52
3.52
3.52
3.52
3.525
3.53
3.53
3.53
3.53
3.53
3.56
3.59
3.635
3.655
3.695
3.72
3.755
3.74
3.83
3.85
3.815
3.86
3.86
3.875
3.88
3.88
3.885
3.885
3.885
3.885
3.89
3.89
3.895
3.895
3.895
3.905
3.905
3.905
3.915
3.91
3.91
3.915
3.92
3.92
3.92
3.93
3.945
3.95
3.97
4.005
3.54
4.085
4.095
4.11
4.11
4.11
4.11
4.12
4.115
4.115
4.12
4.125
4.13
4.14
4.145
4.15
4.15
4.15
4.15
4.15
4.15
4.16
4.16
4.16
4.16
4.16
4.16
4.16
4.16
4.16
4.16
4.16
4.165
4.16
4.16
4.16
4.16
4.16
4.16
4.16
4.16
4.155
4.16
4.16
4.165
4.16
4.165
4.17
4.17
4.17
4.17
4.175
4.18
4.18
4.18
4.18
4.18
4.18
4.18
4.18
4.18
4.18
4.18
4.18
4.18
4.18
4.18
4.18
4.175
4.18
4.17
4.17
4.17
4.175
4.175
4.175
4.175
4.18
4.175
4.175
4.18
4.18
4.185
4.19
4.185
4.185
4.19
4.19
4.19
4.19
4.19
4.175
4.185
4.19
4.19
4.185
4.185
4.18
4.18
4.185
4.18
4.175
4.185
4.18
4.185
4.185
4.175
4.185
4.18
4.185
4.185
4.18
4.19
4.21
4.235
4.265
4.305
4.35
4.355
4.37
4.38
4.4
4.405
4.405
4.415
4.43
4.435
4.46
4.345
4.485
4.52
4.52
4.525
4.535
4.55
4.575
4.6
4.635
4.67
4.71
4.75
4.8
4.845
4.855
4.85
4.855
4.855
4.855
4.86
4.86
4.86
4.86
4.86
4.86
4.86
4.865
4.86
4.865
4.86
4.86
4.86
4.86
4.865
4.865
4.86
4.865
4.865
4.865
4.86
4.855
4.86
4.86
4.86
4.86
4.86
4.86
4.86
4.865
4.865
4.86
4.865
4.86
4.86
4.86
4.86
4.865
4.86
4.86
4.86
4.86
4.83
4.805
4.74
4.695
4.62
4.57
4.515
4.47
4.47
4.465
4.455
4.455
4.45
4.45
4.45
4.45
4.45
4.45
4.45
4.45
4.45
4.45
4.45
4.445
4.45
4.44
4.44
4.44
4.44
4.44
4.44
4.435
4.43
4.43
4.43
4.43
4.425
4.425
4.43
4.425
4.42
4.42
4.42
4.415
4.42
4.42
4.42
4.42
4.415
4.415
4.415
4.38
3.985
3.655
3.375
3.075
2.78
2.375
2.04
1.71
1.335
0.915
0.445
0.19
0.18
0.18
0.18
0.175
0.17
0.165
0.175
0.17
0.17
0.165
0.165
0.165
0.165
0.17
0.17
0.165
0.165
0.17
0.17
0.17
0.17
0.175
0.17
0.17
0.17
0.17
0.17
0.17
0.175
0.18
0.175
0.17
0.165
0.145
0.135
0.135
0.125
0.12
0.115
0.12
0.115
0.12
0.11
0.11
0.11
0.115
0.11
0.115
0.11
0.105
0.105
0.105
0.105
0.105
0.105
0.105
0.1
0.1
0.1
0.1
0.1
0.1
0.1
0.1
0.095
0.095
0.095
0.095
0.095
0.095
0.095
0.095
0.095
0.095
0.095
0.095
0.095
0.095
0.095
0.095
0.1
0.1
0.1
0.1
0.1
0.1
0.1
0.1
0.1
0.1
0.1
0.1
0.095
0.095
0.075
0.045
0.035
0.02
0
-0.015
-0.015
-0.02
-0.02
-0.025
-0.015
-0.03
-0.02
-0.015
-0.01
-0.01
-0.015
-0.01
-0.01
-0.01
-0.015
-0.015
-0.015
-0.015
-0.015
-0.015
-0.01
-0.01
-0.01
-0.01
-0.015
-0.015
-0.015
-0.015
-0.015
-0.015
-0.015
-0.02
-0.02
-0.02
-0.025
-0.025
-0.03
-0.03
-0.03
-0.03
-0.03
-0.03
-0.03
-0.025
-0.02
-0.02
-0.02
-0.015
-0.015
-0.015
-0.015
-0.015
-0.015
-0.015
-0.015
-0.015
-0.015
-0.01
-0.01
-0.015
-0.015
-0.015
-0.015
-0.015
-0.015
-0.02
-0.02
-0.02
-0.02
-0.025
-0.02
-0.03
-0.03
-0.03
-0.03
-0.03
-0.03
-0.03
-0.025
-0.025
-0.02
-0.02
-0.02
-0.02
-0.015
-0.015
-0.015
-0.025
-0.4
-0.825
-1.27
-1.73
-2.19
-2.68
-3.195
-3.735
-4.3
-4.9
-5.5
-5.97
-5.99
-6
-6
-6
-6
-6
-6
-5.995
-6
-6
-6
-6
-6
-6
-6
-6
-6
-6
-6
-6
-6.01
-6.03
-6.045
-6.07
-6.1
-6.15
-6.19
-6.205
-6.225
-6.25
-6.27
-6.285
-6.295
-6.31
-6.32
-6.33
-6.34
-6.35
-6.36
-6.36
-6.365
-6.36
-6.365
-6.37
-6.37
-6.37
-6.37
-6.37
-6.38
-6.38
-6.37
-6.37
-6.37
-6.37
-6.37
-6.37
-6.37
-6.365
-6.365
-6.36
-6.365
-6.365
-6.36
-6.37
-6.36
-6.36
-6.36
-6.365
-6.365
-6.37
-6.37
-6.37
-6.37
-6.37
-6.38
-6.37
-6.38
-6.37
-6.375
-6.375
-6.365
-6.37
-6.365
-6.37
-6.36
-6.37
-6.37
-6.37
-6.37
-6.37
-6.375
-6.375
-6.375
-6.38
-6.385
-6.385
-6.39
-6.39
-6.395
-6.395
-6.395
-6.395
-6.395
-6.395
-6.395
-6.4
-6.405
-6.41
-6.41
-6.41
-6.41
-6.41
-6.42
-6.41
-6.41
-6.415
-6.41
-6.41
-6.41
-6.41
-6.405
-6.405
-6.405
-6.405
-6.405
-6.4
-6.395
-6.395
-6.405
-6.46
-6.5
-6.51
-6.515
-6.52
-6.525
-6.53
-6.535
-6.53
-6.535
-6.55
-6.54
-6.53
-6.505
-6.485
-6.465
-6.415
-6.38
-6.345
-6.31
-6.285
-6.275
-6.275
-6.27
-6.27
-6.27
-6.275
-6.285
-6.305
-6.345
-6.345
-6.355
-6.35
-6.35
-6.35
-6.355
-6.36
-6.35
-6.36
-6.36
-6.36
-6.36
-6.36
-6.36
-6.365
-6.365
-6.355
-6.34
-6.335
-6.33
-6.325
-6.32
-6.32
-6.31
-6.305
-6.3
-6.3
-6.295
-6.295
-6.295
-6.295
-6.295
-6.295
-6.295
-6.295
-6.295
-6.295
-6.295
-6.295
-6.29
-6.29
-6.28
-6.29
-6.285
-6.275
-6.28
-6.28
-6.28
-6.275
-6.28
-6.28
-6.28
-6.28
-6.28
-6.28
-6.28
-6.28
-6.28
-6.285
-6.285
-6.285
-6.285
-6.29
-6.29
-6.29
-6.295
-6.295
-6.295
-6.295
-6.295
-6.29
-6.29
-6.28
-6.28
-6.28
-6.275
-6.265
-6.26
-6.25
-6.245
-6.25
-6.24
-6.24
-6.24
-6.24
-6.24
-6.235
-6.245
-6.24
-6.24
-6.24
-6.24
-6.24
-6.24
-6.24
-6.24
-6.24
-6.24
-6.24
-6.235
-6.235
-6.235
-6.23
-6.225
-6.225
-6.225
-6.225
-6.22
-6.215
-6.215
-6.215
-6.21
-6.22
-6.22
-6.22
-6.225
-6.225
-6.225
-6.225
-6.23
-6.23
-6.23
-6.23
-6.235
-6.235
-6.24
-6.245
-6.24
-6.24
-6.24
-6.24
-6.24
-6.24
-6.24
-6.24
-6.235
-6.235
-6.23
-6.23
-6.225
-6.225
-6.225
-6.22
-6.215
-6.215
-6.215
-6.215
-6.22
-6.22
-6.22
-6.22
-6.22
-6.225
-6.225
-6.225
-6.225
-6.225
-6.225
-6.23
-6.225
-6.23
-6.23
-6.235
-6.235
-6.235
-6.24
-6.24
-6.24
-6.24
-6.24
-6.24
-6.24
-6.24
-6.24
-6.245
-6.24
-6.24
-6.24
-6.235
-6.24
-6.235
-6.235
-6.235
-6.23
-6.225
-6.225
-6.225
-6.225
-6.225
-6.225
-6.215
-6.215
-6.215
-6.215
-6.215
-6.215
-6.22
-6.22
-6.225
-6.225
-6.225
-6.225
-6.225
-6.225
-6.23
-6.23
-6.235
-6.24
-6.24
-6.24
-6.245
-6.245
-6.24
-6.24
-6.245
-6.24
-6.24
-6.235
-6.235
-6.23
-6.225
-6.225
-6.225
-6.22
-6.22
-6.215
-6.215
-6.215
-6.22
-6.22
-6.225
-6.22
-6.225
-6.225
-6.225
-6.23
-6.23
-6.24
-6.01
-5.565
-5.24
-4.955
-4.62
-4.265
-3.9
-3.52
-3.175
-2.89
-2.41
-1.98
-1.6
-1.26
-0.91
-0.58
-0.235
0.095
0.435
0.83
1.22
1.635
2.02
2.405
2.805
3.2
3.615
4.02
4.455
4.905
5.045
5.06
5.085
5.095
5.095
5.105
5.105
5.11
5.11
5.11
5.11
5.11
5.11
5.11
5.115
5.12
5.12
5.12
5.12
5.13
5.13
5.13
5.135
5.14
5.14
5.15
5.19
5.23
5.28
5.32
5.36
5.395
5.45
5.49
5.53
5.575
5.58
5.59
5.6
5.61
5.6
5.61
5.6
5.615
5.61
5.63
5.64
5.64
5.64
5.65
5.65
5.65
5.665
5.69
5.72
5.755
5.78
5.82
5.855
5.885
5.915
5.95
5.985
6.01
6.03
6.035
6.045
6.055
6.055
6.065
6.065
6.075
6.075
6.085
6.08
6.08
6.09
6.09
6.095
6.1
6.1
6.105
6.105
6.105
6.11
6.115
6.115
6.12
6.115
6.12
6.12
6.12
6.125
6.12
6.125
6.125
6.125
6.13
6.13
6.13
6.13
6.13
6.13
6.13
6.13
6.13
6.12
6.125
6.135
6.135
6.13
6.135
6.135
6.135
6.135
6.14
6.14
6.145
6.14
6.15
6.15
6.15
6.16
6.16
6.16
6.16
6.16
6.16
6.16
6.16
6.16
6.155
6.16
6.155
6.155
6.155
6.155
6.155
6.155
6.155
6.155
6.155
6.155
6.15
6.155
6.155
6.155
6.155
6.16
6.16
6.16
6.16
6.16
6.17
6.165
6.17
6.17
6.17
6.17
6.18
6.18
6.185
6.2
6.235
6.305
6.345
6.375
6.405
6.43
6.44
6.445
6.46
6.465
6.475
6.47
6.47
6.47
6.465
6.465
6.455
6.455
6.445
6.445
6.44
6.435
6.435
6.435
6.43
6.44
6.465
6.5
6.54
6.545
6.55
6.545
6.545
6.545
6.55
6.545
6.545
6.545
6.55
6.545
6.55
6.545
6.545
6.55
6.55
6.55
6.55
6.545
6.545
6.55
6.545
6.545
6.545
6.545
6.545
6.545
6.545
6.545
6.545
6.545
6.545
6.54
6.545
6.535
6.535
6.535
6.54
6.535
6.54
6.545
6.54
6.54
6.54
6.545
6.545
6.545
6.495
6.17
5.87
5.565
5.25
4.96
4.66
4.31
3.99
3.655
3.33
2.905
2.53
2.16
1.785
1.39
0.94
0.445
-0.065
-0.6
-1.155
-1.73
-2.285
-2.865
-3.435
-4.005
-4.57
-5.155
-5.755
-6.35
-6.435
-6.435
-6.435
-6.435
-6.435
-6.435
-6.435
-6.43
-6.43
-6.43
-6.43
-6.425
-6.425
-6.425
-6.425
-6.425
-6.425
-6.425
-6.425
-6.425
-6.425
-6.425
-6.425
-6.425
-6.425
-6.43
-6.445
-6.47
-6.48
-6.49
-6.495
-6.495
-6.505
-6.505
-6.515
-6.515
-6.52
-6.52
-6.52
-6.52
-6.53
-6.53
-6.53
-6.53
-6.535
-6.535
-6.54
-6.54
-6.54
-6.54
-6.54
-6.54
-6.54
-6.54
-6.54
-6.54
-6.54
-6.54
-6.54
-6.54
-6.54
-6.54
-6.54
-6.54
-6.54
-6.54
-6.54
-6.595
-6.62
-6.625
-6.625
-6.625
-6.625
-6.625
-6.62
-6.62
-6.62
-6.625
-6.615
-6.61
-6.605
-6.59
-6.58
-6.565
-6.55
-6.535
-6.525
-6.51
-6.485
-6.45
-6.425
-6.405
-6.37
-6.34
-6.315
-6.285
-6.255
-6.24
-6.235
-6.225
-6.225
-6.225
-6.22
-6.215
-6.215
-6.215
-6.215
-6.215
-6.215
-6.215
-6.215
-6.215
-6.215
-6.215
-6.215
-6.22
-6.22
-6.22
-6.22
-6.22
-6.22
-6.225
-6.225
-6.225
-6.23
-6.23
-6.23
-6.23
-6.23
-6.23
-6.23
-6.23
-6.23
-6.23
-6.225
-6.23
-6.225
-6.225
-6.225
-6.225
-6.225
-6.23
-6.23
-6.235
-6.235
-6.23
-6.23
-6.23
-6.235
-6.23
-6.235
-6.24
-6.235
-6.24
-6.235
-6.24
-6.24
-6.24
-6.24
-6.24
-6.24
-6.24
-6.24
-6.24
-6.24
-6.245
-6.25
-6.25
-6.255
-6.26
-6.255
-6.255
-6.255
-6.255
-6.255
-6.255
-6.255
-6.25
-6.25
-6.24
-6.24
-6.24
-6.24
-6.235
-6.235
-6.23
-6.23
-6.23
-6.235
-6.24
-6.24
-6.24
-6.24
-6.24
-6.24
-6.24
-6.245
-6.25
-5.585
-4.77
-3.865
-2.925
-2.08
-1.085
-0.165
0.735
1.7
2.69
3.63
4.51
4.925
5.115
5.205
5.255
5.27
5.28
5.28
5.29
5.29
5.29
5.29
5.29
5.285
5.28
5.275
5.265
5.265
5.255
5.24
5.23
5.225
5.215
5.205
5.205
5.195
5.195
5.195
5.195
5.19
5.195
5.195
5.19
5.19
5.19
5.19
5.19
5.19
5.19
5.19
5.195
5.205
5.215
5.23
5.26
5.27
5.28
5.28
5.28
5.28
5.285
5.29
5.295
5.295
5.295
5.29
5.295
5.3
5.3
5.3
5.345
5.395
5.46
5.505
5.56
5.615
5.685
5.735
5.8
5.855
5.915
5.965
5.97
5.98
5.985
5.985
5.995
5.995
5.995
6
6.005
6.005
6.01
6.015
6.02
6.04
6.05
6.07
6.085
6.11
6.12
6.14
6.165
6.185
6.195
6.21
6.22
6.225
6.225
6.235
6.24
6.245
6.24
6.245
6.245
6.25
6.255
6.255
6.255
6.255
6.255
6.255
6.265
6.265
6.265
6.265
6.27
6.275
6.275
6.275
6.275
6.28
6.275
6.28
6.295
6.34
6.405
6.45
6.46
6.5
6.54
6.585
6.61
6.615
6.615
6.605
6.595
6.59
6.575
6.57
6.56
6.55
6.54
6.53
6.52
6.51
6.5
6.49
6.485
6.475
6.465
6.465
6.455
6.455
6.45
6.43
6.425
6.42
6.415
6.415
6.405
6.405
6.4
6.4
6.4
6.395
6.4
6.395
6.395
6.395
6.395
6.395
6.395
6.395
6.39
6.395
6.395
6.395
6.395
6.395
6.395
6.395
6.395
6.395
6.39
6.39
6.395
6.2
5.985
5.81
5.65
5.49
5.335
5.155
4.99
4.815
4.635
4.425
4.215
4.005
3.81
3.63
3.435
3.24
3.035
2.765
2.51
2.275
2.05
1.825
1.63
1.38
1.17
0.905
0.645
0.36
0.165
0.165
0.165
0.165
0.165
0.165
0.165
0.165
0.165
0.165
0.165
0.18
0.18
0.185
0.185
0.185
0.185
0.17
0.145
0.135
0.12
0.095
0.07
0.07
0.06
0.055
0.045
0.04
0.04
0.04
0.035
0.04
0.035
0.035
0.035
0.035
0.025
0.025
0.025
0.025
0.025
0.025
0.025
0.025
0.025
0.025
0.025
0.025
0.025
0.03
0.035
0.035
0.035
0.035
0.035
0.035
0.035
0.035
0.035
0.035
0.035
0.035
0.035
0.035
0.035
0.035
0.035
0.035
0.035
0.035
0.035
0.035
0.035
0.03
0.03
0.03
0.03
0.03
0.03
0.03
0.025
0.025
0.025
0.025
0.025
0.025
0.025
0.02
0.02
0.02
0.02
0.02
0.02
0.02
0.02
0.01
0.015
0.02
0.015
0.02
0.02
0.02
0.02
0.02
0.02
0.02
0.02
0.015
0.015
0.015
0.015
0.02
0.015
0.015
0.025
0.025
0.025
0.025
0.025
0.025
0.025
0.025
0.025
0.025
0.02
0.02
0.025
0.025
0.025
0.02
0.02
0.005
0.025
0.025
0.025
0.025
0.025
0.025
0.025
0.025
0.025
0.025
0.025
0.025
0.02
0.025
0.025
0.025
0.02
0.025
0.015
0.02
0.015
0.02
0.015
0.02
0.015
0.015
0.015
0.015
0.02
0.015
0.015
0.02
0.015
0.015
0.015
0.02
0.025
0.025
0.025
0.025
0.025
0.025
0.025
0.025
0.025
0.03
0.03
0.03
0.03
0.03
0.03
0.025
0.025
0.025
0.025
0.025
0.025
0.025
0.025
0.025
0.025
0.025
0.015
-0.21
-0.545
-0.77
-0.99
-1.18
-1.385
-1.6
-1.84
-2.075
-2.31
-2.59
-2.855
-3.13
-3.415
-3.7
-3.99
-4.31
-4.625
-4.94
-5.245
-5.55
-5.89
-6.255
-6.605
-6.975
-7.355
-7.725
-8.1
-8.49
-8.88
-9.015
-9.02
-9.02
-9.025
-9.025
-9.025
-9.025
-9.025
-9.025
-9.025
-9.025
-9.025
-9.025
-9.025
-9.025
-9.03
-9.035
-9.045
-9.045
-9.05
-9.07
-9.095
-9.11
-9.125
-9.135
-9.17
-9.17
-9.18
-9.17
-9.185
-9.185
-9.19
-9.195
-9.2
-9.205
-9.205
-9.205
-9.215
-9.215
-9.22
-9.215
-9.215
-9.215
-9.22
-9.225
-9.225
-9.225
-9.225
-9.23
-9.245
-9.255
-9.26
-9.26
-9.265
-9.26
-9.265
-9.265
-9.265
-9.265
-9.265
-9.265
-9.265
-9.265
-9.26
-9.26
-9.26
-9.26
-9.255
-9.255
-9.255
-9.25
-9.255
-9.25
-9.255
-9.255
-9.25
-9.255
-9.255
-9.255
-9.255
-9.255
-9.26
-9.26
-9.26
-9.265
-9.265
-9.27
-9.27
-9.27
-9.275
-9.275
-9.275
-9.275
-9.275
-9.275
-9.275
-9.275
-9.27
-9.265
-9.265
-9.255
-9.255
-9.255
-9.255
-9.255
-9.255
-9.255
-9.25
-9.255
-9.255
-9.255
-9.255
-9.255
-9.255
-9.255
-9.255
-9.26
-9.265
-9.27
-9.27
-9.275
-9.275
-9.28
-9.28
-9.28
-9.28
-9.28
-9.28
-9.28
-9.28
-9.28
-9.28
-9.28
-9.28
-9.28
-9.345
-9.47
-9.565
-9.61
-9.68
-9.7
-9.725
-9.735
-9.75
-9.76
-9.775
-9.79
-9.795
-9.795
-9.795
-9.795
-9.775
-9.76
-9.725
-9.705
-9.67
-9.64
-9.605
-9.565
-9.54
-9.52
-9.52
-9.52
-9.515
-9.525
-9.54
-9.54
-9.545
-9.54
-9.54
-9.54
-9.54
-9.54
-9.54
-9.54
-9.54
-9.54
-9.54
-9.54
-9.54
-9.54
-9.54
-9.54
-9.54
-9.545
-9.56
-9.555
-9.555
-9.555
-9.56
-9.56
-9.57
-9.565
-9.57
-9.58
-9.595
-9.6
-9.605
-9.6
-9.6
-9.61
-9.61
-9.61
-9.61
-9.61
-9.61
-9.62
-9.62
-9.62
-9.62
-9.62
-9.625
-9.62
-9.625
-9.63
-9.635
-9.635
-9.635
-9.64
-9.645
-9.645
-9.655
-9.655
-9.655
-9.655
-9.655
-9.655
-9.66
-9.66
-9.66
-9.665
-9.66
-9.66
-9.66
-9.66
-9.66
-9.66
-9.66
-9.66
-9.66
-9.66
-9.66
-9.66
-9.66
-9.66
-9.66
-9.66
-9.66
-9.66
-9.66
-9.66
-9.66
-9.66
-9.66
-9.655
-9.075
-8.465
-7.92
-7.49
-6.995
-6.485
-5.885
-5.295
-4.84
-4.235
-3.525
-2.93
-2.355
-1.79
-1.235
-0.67
-0.085
0.525
1.125
1.71
2.29
2.865
3.435
4.02
4.62
5.275
5.945
6.64
7.37
7.92
7.99
8.01
8.025
8.05
8.06
8.055
8.055
8.055
8.06
8.055
8.055
8.055
8.055
8.055
8.055
8.055
8.055
8.055
8.055
8.055
8.055
8.055
8.065
8.125
8.225
8.315
8.4
8.48
8.56
8.645
8.735
8.82
8.905
8.995
9.03
9.055
9.055
9.065
9.075
9.08
9.09
9.095
9.1
9.105
9.105
9.11
9.11
9.12
9.125
9.125
9.13
9.13
9.135
9.135
9.13
9.135
9.135
9.135
9.135
9.135
9.14
9.145
9.145
9.15
9.155
9.15
9.15
9.16
9.16
9.16
9.165
9.17
9.175
9.18
9.18
9.18
9.19
9.19
9.19
9.185
9.19
9.2
9.2
9.205
9.2
9.205
9.205
9.205
9.205
9.205
9.205
9.205
9.205
9.205
9.205
9.205
9.205
9.21
9.205
9.215
9.215
9.215
9.21
9.215
9.215
9.215
9.22
9.22
9.22
9.22
9.22
9.22
9.22
9.22
9.225
9.225
9.225
9.225
9.225
9.22
9.22
9.22
9.225
9.22
9.225
9.225
9.22
9.225
9.225
9.225
9.23
9.23
9.235
9.235
9.235
9.245
9.245
9.25
9.25
9.25
9.25
9.255
9.25
9.255
9.255
9.255
9.26
9.295
9.39
9.485
9.525
9.58
9.64
9.675
9.69
9.7
9.73
9.74
9.745
9.755
9.75
9.755
9.755
9.755
9.77
9.775
9.78
9.8
9.81
9.86
9.9
9.955
10.02
10.105
10.21
10.325
10.465
10.55
10.55
10.55
10.55
10.55
10.55
10.55
10.55
10.55
10.55
10.55
10.55
10.55
10.55
10.55
10.545
10.55
10.545
10.55
10.545
10.545
10.55
10.55
10.545
10.55
10.545
10.55
10.545
10.545
10.545
10.555
10.555
10.555
10.555
10.555
10.56
10.56
10.56
10.56
10.56
10.565
10.565
10.565
10.565
10.565
10.57
10.57
10.57
10.57
10.57
10.57
10.57
10.57
10.57
10.57
10.57
10.57
10.57
10.57
10.585
10.285
9.81
9.355
8.915
8.475
8.015
7.53
7.01
6.51
6.035
5.41
4.795
4.22
3.625
2.975
2.28
1.535
0.75
-0.035
-0.845
-1.675
-2.495
-3.325
-4.1
-4.99
-5.86
-6.725
-7.575
-8.455
-9.23
-9.32
-9.335
-9.335
-9.335
-9.345
-9.345
-9.345
-9.345
-9.35
-9.35
-9.355
-9.355
-9.355
-9.355
-9.355
-9.36
-9.355
-9.355
-9.35
-9.35
-9.345
-9.345
-9.34
-9.335
-9.335
-9.335
-9.33
-9.335
-9.335
-9.335
-9.335
-9.335
-9.33
-9.33
-9.33
-9.33
-9.325
-9.325
-9.325
-9.5
-9.6
-9.69
-9.735
-9.79
-9.81
-9.835
-9.865
-9.89
-9.905
-9.945
-9.95
-9.955
-9.96
-9.965
-9.965
-9.96
-9.955
-9.94
-9.93
-9.91
-9.89
-9.875
-9.865
-9.85
-9.85
-9.825
-9.825
-9.82
-9.825
-9.815
-9.805
-9.8
-9.8
-9.8
-9.795
-9.795
-9.8
-9.8
-9.795
-9.8
-9.795
-9.8
-9.795
-9.795
-9.795
-9.795
-9.795
-9.795
-9.79
-9.79
-9.79
-9.79
-9.785
-9.79
-9.785
-9.785
-9.78
-9.78
-9.78
-9.78
-9.78
-9.775
-9.775
-9.775
-9.775
-9.775
-9.775
-9.77
-9.77
-9.775
-9.77
-9.77
-9.77
-9.77
-9.23
-8.545
-7.915
-7.37
-6.905
-6.335
-5.735
-5.11
-4.455
-3.945
-3.25
-2.53
-1.87
-1.255
-0.635
-0.04
0.545
1.2
1.86
2.54
3.205
3.855
4.475
5.095
5.725
6.355
7.005
7.675
8.35
8.975
9.055
9.075
9.08
9.09
9.095
9.1
9.1
9.1
9.1
9.1
9.1
9.1
9.1
9.1
9.1
9.1
9.1
9.1
9.1
9.1
9.1
9.1
9.1
9.095
9.095
9.095
9.09
9.09
9.09
9.095
9.19
9.305
9.345
9.4
9.46
9.515
9.54
9.555
9.59
9.605
9.605
9.6
9.6
9.61
9.615
9.625
9.63
9.64
9.645
9.66
9.675
9.68
9.69
9.705
9.73
9.765
9.805
9.855
9.92
9.985
9.99
9.985
9.985
9.98
9.98
9.98
9.98
9.98
9.975
9.975
9.975
9.98
9.98
9.98
9.98
9.98
9.985
9.985
9.985
9.985
9.985
9.985
9.985
9.985
9.985
9.985
9.99
9.95
9.65
9.395
9.15
8.915
8.665
8.415
8.155
7.88
7.625
7.35
7.07
6.725
6.42
6.14
5.84
5.55
5.275
4.915
4.52
4.14
3.785
3.43
3.11
2.755
2.39
2.005
1.58
1.145
0.675
0.605
0.605
0.605
0.615
0.615
0.61
0.61
0.615
0.615
0.615
0.62
0.615
0.615
0.62
0.62
0.615
0.615
0.615
0.605
0.555
0.45
0.35
0.245
0.16
0.06
-0.015
-0.11
-0.195
-0.295
-0.385
-0.475
-0.53
-0.555
-0.565
-0.575
-0.58
-0.59
-0.59
-0.595
-0.6
-0.6
-0.605
-0.605
-0.61
-0.605
-0.61
-0.615
-0.64
-0.64
-0.64
-0.64
-0.64
-0.645
-0.64
-0.65
-0.645
-0.65
-0.65
-0.65
-0.645
-0.65
-0.65
-0.645
-0.65
-0.65
-0.655
-0.65
-0.655
-0.655
-0.655
-0.655
-0.655
-0.66
-0.66
-0.66
-0.66
-0.66
-0.66
-0.66
-0.655
-0.66
-0.66
-0.66
-0.66
-0.655
-0.655
-0.655
-0.66
-0.66
-0.66
-0.66
-0.66
-0.655
-0.655
-0.66
-0.66
-0.66
-0.665
-0.665
-0.665
-0.66
-0.66
-0.66
-0.66
-0.66
-0.66
-0.66
-0.66
-0.66
-0.66
-0.66
-0.66
-0.665
-0.66
-0.665
-0.665
-0.665
-0.665
-0.67
-0.67
-0.675
-0.675
-0.675
-0.675
-0.675
-0.675
-0.675
-0.675
-0.675
-0.675
-0.675
-0.675
-0.675
-0.675
-0.675
-0.675
-0.675
-0.675
-0.675
-0.675
-0.675
-0.675
-0.675
-0.675
-0.675
-0.675
-0.675
-0.675
-0.675
-0.675
-0.675
-0.675
-0.675
-0.675
-0.675
-0.675
-0.67
-0.67
-0.67
-0.665
-0.665
-0.665
-0.665
-0.665
-0.66
-0.66
-0.66
-0.66
-0.66
-0.66
-0.66
-0.66
-0.665
-0.665
-0.665
-0.665
-0.665
-0.665
-0.665
-0.665
-0.67
-0.675
-0.675
-0.675
-0.675
-0.675
-0.675
-0.675
-0.675
-0.675
-0.675
-0.675
-0.675
-0.675
-0.675
-0.675
-0.675
-0.675
-0.675
-0.675
-0.675
-0.675
-0.675
-0.67
-0.67
-0.67
-0.67
-0.665
-0.665
-0.665
-0.665
-0.665
-0.66
-0.66
-0.66
-0.66
-0.66
-0.66
-0.66
-0.66
-0.66
-0.66
-0.66
-0.665
-0.665
-0.66
-0.66
-0.665
-0.665
-0.665
-0.665
-0.665
-0.665
-0.665
-0.665
-0.665
-0.665
-0.665
-0.665
-0.665
-0.665
-0.665
-0.665
-0.665
-0.665
-0.665
-0.665
-0.665
-0.665
-0.66
-0.66
-0.665
-0.66
-0.66
-0.665
-0.66
-0.66
-0.66
-0.66
-0.66
-0.66
-0.66
-0.66
-0.66
-0.665
-0.665
-0.665
-0.665
-0.665
-0.665
-0.66
-0.665
-0.665
-0.66
-0.665
-0.665
-0.665
-0.665
-0.665
-0.665
-0.665
-0.665
-0.665
-0.665
-0.665
-0.665
-0.665
-0.665
-0.665
-0.665
-0.665
-0.665
-0.665
-0.665
-0.665
-0.66
-0.665
-0.66
-0.66
-0.665
-0.66
-0.66
-0.66
-0.66
-0.66
-0.66
-0.66
-0.665
-0.66
-0.665
-0.665
-0.665
-0.66
-0.67
-0.67
-0.665
-0.66
-0.67
-0.665
-0.665
-0.665
-0.665
-0.665
-0.665
-0.67
-0.67
-0.67
-0.67
-0.67
-0.675
-0.67
-0.675
-0.675
-0.675
-0.675
-0.675
-0.675
-0.675
-0.675
-0.675
-0.675
-0.67
-0.67
-0.675
-0.67
-0.665
-0.67
-0.67
-0.67
-0.665
-0.665
-0.665
-0.67
-0.665
-0.665
-0.665
-0.665
-0.67
-0.665
-0.665
-0.67
-0.665
-0.665
-0.665
-0.66
-0.66
-0.665
-0.665
-0.665
-0.665
-0.67
-0.67
-0.675
-0.675
-0.675
-0.675
-0.675
-0.675
-0.675
-0.675
-0.675
-0.675
-0.675
-0.675
-0.675
-0.67
-0.67
-0.665
-0.665
-0.665
-0.66
-0.66
-0.66
-0.66
-0.66
-0.66
-0.66
-0.665
-0.665
-0.665
-0.665
-0.665
-0.665
-0.665
-0.67
-0.67
-0.675
-0.675
-0.675
-0.675
-0.68
-0.675
-0.675
-0.675
-0.68
-0.675
-0.675
-0.675
-0.675
-0.675
-0.675
-0.675
-0.675
-0.675
-0.675
-0.675
-0.675
-0.675
-0.675
-0.68
-0.675
-0.675
-0.675
-0.675
-0.675
-0.675
-0.675
-0.675
-0.675
-0.675
-0.675
-0.67
-0.67
-0.67
-0.67
-0.665
-0.665
-0.665
-0.665
-0.665
-0.66
-0.66
-0.66
-0.66
-0.66
-0.66
-0.66
-0.66
-0.665
-0.665
-0.665
-0.665
-0.665
-0.665
-0.67
-0.665
-0.665
-0.665
-0.665
-0.665
-0.665
-0.67
-0.67
-0.675
-0.675
-0.675
-0.675
-0.675
-0.68
-0.675
-0.675
-0.675
-0.675
-0.675
-0.675
-0.675
-0.675
-0.675
-0.675
-0.675
-0.67
-0.67
-0.67
-0.67
-0.67
-0.665
-0.67
-0.67
-0.665
-0.665
-0.665
-0.66
-0.66
-0.66
-0.66
-0.66
-0.66
-0.66
-0.665
-0.665
-0.66
-0.665
-0.665
-0.665
-0.665
-0.67
-0.67
-0.67
-0.675
-0.675
-0.675
-0.675
-0.675
-0.675
-0.675
-0.675
-0.675
-0.675
-0.67
-0.67
-0.67
-0.67
-0.665
-0.67
-0.665
-0.66
-0.66
-0.66
-0.66
-0.66
-0.66
-0.66
-0.66
-0.66
-0.66
-0.66
-0.665
-0.665
-0.665
-0.665
-0.67
-0.675
-0.675
-0.675
-0.675
-0.675
-0.685
-0.675
-0.68
-0.675
-0.675
-0.675
-0.675
-0.67
-0.67
-0.67
-0.67
-0.665
-0.665
-0.92
-1.4
-1.695
-1.965
-2.19
-2.44
-2.71
-2.99
-3.29
-3.6
-3.93
-4.26
-4.595
-4.955
-5.275
-5.63
-5.99
-6.345
-6.72
-7.09
-7.465
-7.84
-8.185
-8.605
-9.03
-9.445
-9.86
-10.265
-10.675
-11.09
-11.28
-11.28
-11.28
-11.28
-11.28
-11.28
-11.28
-11.28
-11.28
-11.28
-11.28
-11.28
-11.28
-11.285
-11.28
-11.285
-11.28
-11.28
-11.28
-11.285
-11.28
-11.295
-11.33
-11.385
-11.445
-11.505
-11.57
-11.64
-11.69
-11.765
-11.835
-11.91
-11.98
-12.025
-12.055
-12.085
-12.115
-12.12
-12.135
-12.145
-12.15
-12.16
-12.17
-12.19
-12.195
-12.21
-12.215
-12.22
-12.225
-12.23
-12.265
-12.265
-12.265
-12.265
-12.26
-12.265
-12.265
-12.26
-12.265
-12.265
-12.26
-12.265
-12.26
-12.265
-12.255
-12.255
-12.255
-12.255
-12.255
-12.255
-12.255
-12.255
-12.255
-12.255
-12.255
-12.255
-12.255
-12.255
-12.255
-12.255
-12.255
-12.255
-12.255
-12.255
-12.255
-12.255
-12.245
-12.255
-12.245
-12.245
-12.245
-12.185
-12.16
-12.16
-12.16
-12.16
-12.16
-12.155
-12.08
-12.08
-12.085
-12.08
-12.085
-12.085
-12.085
-12.085
-12.09
-12.1
-12.115
-12.125
-12.13
-12.14
-12.145
-12.15
-12.16
-12.165
-12.165
-12.165
-12.165
-12.17
-12.165
-12.16
-12.16
-12.16
-12.155
-12.16
-12.16
-12.155
-12.15
-12.155
-12.15
-12.16
-12.155
-12.16
-12.16
-12.155
-12.155
-12.16
-12.16
-12.16
-12.16
-12.165
-12.165
-12.17
-12.17
-12.18
-12.18
-12.18
-12.18
-12.18
-12.185
-12.19
-12.2
-12.27
-12.31
-12.345
-12.38
-12.415
-12.455
-12.465
-12.535
-12.55
-12.56
-12.56
-12.565
-12.565
-12.55
-12.535
-12.51
-12.47
-12.435
-12.385
-12.315
-12.255
-12.21
-12.18
-12.16
-12.155
-12.155
-12.155
-12.16
-12.16
-12.155
-12.155
-12.15
-12.15
-12.15
-12.145
-12.14
-12.14
-12.14
-12.135
-12.13
-12.135
-12.13
-12.13
-12.13
-12.125
-12.125
-12.125
-12.13
-12.125
-12.125
-12.14
-12.14
-12.145
-12.145
-12.16
-12.16
-12.17
-12.165
-12.17
-12.175
-12.175
-12.175
-12.175
-12.175
-12.18
-12.18
-12.18
-12.18
-12.185
-12.185
-12.19
-12.185
-12.19
-12.19
-12.19
-12.19
-12.195
-12.195
-12.2
-12.2
-12.2
-12.205
-12.205
-12.21
-12.205
-12.21
-12.21
-12.215
-12.215
-12.205
-12.21
-12.205
-12.205
-12.21
-12.21
-12.21
-12.21
-12.205
-12.205
-12.21
-12.21
-12.21
-12.21
-12.21
-12.205
-12.21
-12.21
-12.21
-12.21
-12.205
-12.205
-12.205
-12.205
-12.205
-12.21
-12.21
-12.165
-11.48
-10.87
-10.235
-9.545
-8.85
-8.125
-7.525
-6.73
-5.9
-5.095
-4.33
-3.59
-2.82
-2.035
-1.225
-0.4
0.39
1.205
1.96
2.725
3.505
4.27
5.055
5.865
6.68
7.53
8.425
9.34
10.325
10.985
11.075
11.125
11.14
11.155
11.16
11.17
11.18
11.18
11.18
11.175
11.175
11.175
11.175
11.18
11.175
11.18
11.175
11.17
11.18
11.175
11.18
11.175
11.175
11.18
11.18
11.18
11.195
11.245
11.315
11.395
11.48
11.575
11.655
11.725
11.81
11.89
11.96
12.01
12.025
12.035
12.04
12.05
12.06
12.065
12.065
12.08
12.085
12.085
12.09
12.095
12.095
12.105
12.105
12.105
12.11
12.115
12.115
12.115
12.115
12.12
12.12
12.12
12.13
12.125
12.13
12.13
12.13
12.13
12.135
12.13
12.135
12.135
12.135
12.135
12.14
12.14
12.14
12.145
12.145
12.145
12.145
12.155
12.155
12.155
12.155
12.155
12.155
12.16
12.16
12.16
12.16
12.165
12.17
12.17
12.175
12.175
12.175
12.175
12.175
12.18
12.19
12.19
12.19
12.195
12.205
12.205
12.205
12.205
12.205
12.205
12.2
12.205
12.2
12.205
12.2
12.2
12.2
12.2
12.2
12.2
12.2
12.2
12.2
12.2
12.205
12.205
12.205
12.205
12.205
12.205
12.21
12.215
12.215
12.215
12.215
12.215
12.215
12.215
12.215
12.22
12.22
12.22
12.22
12.22
12.22
12.225
12.225
12.285
12.425
12.48
12.545
12.645
12.655
12.695
12.73
12.75
12.75
12.745
12.755
12.76
12.785
12.795
12.805
12.815
12.84
12.875
12.91
12.94
12.98
13.005
13.05
13.105
13.18
13.26
13.375
13.51
13.65
13.755
13.755
13.75
13.75
13.75
13.75
13.75
13.75
13.745
13.75
13.75
13.75
13.745
13.74
13.74
13.74
13.735
13.735
13.735
13.735
13.745
13.745
13.745
13.75
13.76
13.765
13.77
13.77
13.77
13.78
13.785
13.78
13.78
13.78
13.785
13.785
13.785
13.785
13.785
13.785
13.77
13.725
13.645
13.55
13.46
13.35
13.275
13.21
13.155
13.14
13.13
13.12
13.125
13.125
13.125
13.115
13.115
13.115
13.115
13.115
13.12
13.125
13.12
13.125
13.125
13.125
13.12
13.115
13.11
13.105
13.1
13.095
13.09
13.09
13.09
13.09
13.09
13.09
13.09
13.09
13.09
13.095
13.09
13.095
13.09
13.095
13.095
13.095
13.095
13.095
13.09
13.095
13.095
13.09
13.09
13.09
13.09
13.095
13.09
13.095
13.095
13.095
13.095
13.095
13.095
13.09
13.09
13.09
13.09
13.09
13.085
13.085
13.085
13.085
13.08
13.08
13.08
13.08
13.08
13.08
13.075
13.075
13.075
13.075
13.085
13.085
13.085
13.09
12.9
12.305
11.775
11.245
10.685
10.035
9.44
8.85
8.12
7.355
6.61
5.89
5.095
4.24
3.285
2.305
1.305
0.285
-0.715
-1.745
-2.795
-3.805
-4.84
-5.795
-6.87
-7.895
-8.94
-9.99
-11.04
-12.12
-12.395
-12.43
-12.44
-12.44
-12.445
-12.44
-12.445
-12.45
-12.45
-12.445
-12.45
-12.45
-12.445
-12.44
-12.435
-12.425
-12.42
-12.415
-12.41
-12.41
-12.41
-12.41
-12.41
-12.41
-12.41
-12.405
-12.41
-12.4
-12.41
-12.41
-12.41
-12.41
-12.41
-12.41
-12.41
-12.41
-12.415
-12.42
-12.42
-12.43
-12.43
-12.48
-12.73
-12.805
-12.865
-12.905
-12.935
-12.945
-12.945
-12.945
-12.97
-12.975
-12.98
-12.98
-12.975
-12.96
-12.945
-12.925
-12.895
-12.865
-12.835
-12.805
-12.755
-12.715
-12.665
-12.625
-12.595
-12.565
-12.55
-12.535
-12.515
-12.49
-12.485
-12.48
-12.47
-12.465
-12.46
-12.46
-12.455
-12.45
-12.445
-12.435
-12.435
-12.435
-12.43
-12.43
-12.425
-12.43
-12.43
-12.43
-12.43
-12.43
-12.43
-12.425
-12.425
-12.425
-12.425
-12.425
-12.425
-12.425
-12.425
-12.425
-12.425
-12.425
-12.425
-12.425
-12.425
-12.075
-11.25
-10.495
-9.875
-9.145
-8.39
-7.585
-6.8
-6.11
-5.18
-4.255
-3.405
-2.565
-1.725
-0.885
-0.03
0.845
1.715
2.58
3.43
4.265
5.08
5.915
6.74
7.575
8.42
9.28
10.18
11.1
12.07
12.31
12.37
12.395
12.415
12.42
12.425
12.43
12.43
12.43
12.43
12.43
12.43
12.43
12.43
12.43
12.43
12.43
12.43
12.43
12.43
12.43
12.43
12.43
12.43
12.43
12.43
12.43
12.43
12.43
12.43
12.43
12.43
12.43
12.43
12.43
12.43
12.445
12.46
12.465
12.47
12.475
12.48
12.48
12.48
12.485
12.515
12.6
12.645
12.66
12.68
12.71
12.725
12.705
12.695
12.675
12.65
12.63
12.62
12.605
12.6
12.565
12.555
12.55
12.53
12.51
12.5
12.465
12.445
12.425
12.405
12.38
12.365
12.37
12.365
12.37
12.36
12.36
12.36
12.36
12.355
12.355
12.36
12.36
12.36
12.365
12.365
12.365
12.365
12.365
12.365
12.365
12.365
12.365
12.36
12.36
12.36
12.355
12.355
12.36
12.36
12.37
12.375
12.385
12.4
12.435
12.465
12.54
12.55
12.555
12.555
12.56
12.56
12.56
12.55
12.56
12.555
12.56
12.56
12.56
12.56
12.56
12.56
12.56
12.56
12.56
12.565
12.565
12.565
12.57
12.59
12.595
12.595
12.59
12.59
12.6
12.6
12.6
12.6
12.605
12.605
12.61
12.605
12.61
12.605
12.61
12.615
12.615
12.615
12.615
12.615
12.615
12.615
12.615
12.61
12.615
12.61
12.61
12.61
12.61
12.615
12.465
12.12
11.81
11.495
11.19
10.87
10.545
10.205
9.85
9.47
9.075
8.71
8.33
7.95
7.59
7.12
6.635
6.16
5.7
5.27
4.84
4.375
3.9
3.375
2.83
2.26
1.67
1.105
0.49
-0.095
-0.13
-0.13
-0.125
-0.12
-0.115
-0.11
-0.11
-0.11
-0.11
-0.11
-0.11
-0.105
-0.105
-0.105
-0.1
-0.1
-0.1
-0.1
-0.105
-0.105
-0.11
-0.12
-0.14
-0.165
-0.185
-0.19
-0.195
-0.205
-0.21
-0.22
-0.23
-0.23
-0.235
-0.235
-0.235
-0.235
-0.235
-0.235
-0.235
-0.235
-0.235
-0.235
-0.23
-0.23
-0.235
-0.24
-0.24
-0.24
-0.24
-0.255
-0.24
-0.265
-0.26
-0.26
-0.265
-0.265
-0.265
-0.27
-0.27
-0.27
-0.265
-0.265
-0.265
-0.265
-0.25
-0.25
-0.25
-0.25
-0.25
-0.28
-0.275
-0.275
-0.28
-0.28
-0.28
-0.28
-0.28
-0.28
-0.28
-0.28
-0.285
-0.28
-0.285
-0.28
-0.285
-0.29
-0.285
-0.29
-0.285
-0.29
-0.29
-0.29
-0.285
-0.29
-0.285
-0.29
-0.285
-0.285
-0.28
-0.285
-0.285
-0.29
-0.29
-0.29
-0.285
-0.28
-0.28
-0.28
-0.28
-0.28
-0.28
-0.28
-0.28
-0.28
-0.28
-0.275
-0.275
-0.28
-0.28
-0.28
-0.28
-0.28
-0.28
-0.28
-0.28
-0.29
-0.285
-0.29
-0.29
-0.29
-0.29
-0.29
-0.29
-0.29
-0.29
-0.29
-0.29
-0.29
-0.295
-0.29
-0.29
-0.29
-0.295
-0.29
-0.295
-0.29
-0.29
-0.29
-0.29
-0.29
-0.29
-0.29
-0.285
-0.28
-0.28
-0.28
-0.28
-0.28
-0.28
-0.28
-0.28
-0.28
-0.28
-0.28
-0.28
-0.28
-0.28
-0.28
-0.28
-0.28
-0.28
-0.28
-0.28
-0.28
-0.28
-0.28
-0.28
-0.28
-0.29
-0.295
-0.29
-0.29
-0.295
-0.295
-0.295
-0.295
-0.295
-0.29
-0.29
-0.29
-0.29
-0.29
-0.29
-0.29
-0.29
-0.29
-0.295
-0.3
-0.29
-0.29
-0.295
-0.295
-0.295
-0.295
-0.43
-1.07
-1.54
-1.93
-2.31
-2.68
-3.08
-3.505
-3.96
-4.405
-4.87
-5.33
-5.8
-6.28
-6.79
-7.26
-7.73
-8.275
-8.785
-9.305
-9.845
-10.38
-10.925
-11.47
-12.01
-12.555
-13.11
-13.695
-14.27
-14.855
-15.26
-15.265
-15.265
-15.265
-15.265
-15.27
-15.27
-15.275
-15.275
-15.275
-15.275
-15.275
-15.285
-15.285
-15.295
-15.29
-15.295
-15.295
-15.3
-15.315
-15.32
-15.33
-15.35
-15.46
-15.59
-15.72
-15.84
-15.965
-16.07
-16.18
-16.32
-16.43
-16.545
-16.67
-16.79
-16.83
-16.85
-16.86
-16.865
-16.88
-16.89
-16.895
-16.955
-17.085
-17.195
-17.26
-17.275
-17.28
-17.28
-17.29
-17.29
-17.29
-17.295
-17.28
-17.27
-17.25
-17.225
-17.205
-17.195
-17.19
-17.185
-17.17
-17.165
-17.16
-17.155
-17.145
-17.13
-17.13
-17.12
-17.11
-17.105
-17.105
-17.1
-17.1
-17.1
-17.1
-17.095
-17.1
-17.1
-17.1
-17.1
-17.105
-17.105
-17.105
-17.105
-17.105
-17.105
-17.11
-17.11
-17.105
-17.11
-17.11
-17.11
-17.115
-17.13
-17.245
-17.345
-17.43
-17.49
-17.54
-17.575
-17.665
-17.72
-17.75
-17.78
-17.79
-17.805
-17.81
-17.8
-17.79
-17.77
-17.745
-17.715
-17.675
-17.645
-17.625
-17.615
-17.605
-17.6
-17.6
-17.595
-17.595
-17.595
-17.59
-17.59
-17.59
-17.59
-17.59
-17.585
-17.585
-17.58
-17.58
-17.57
-17.57
-17.57
-17.565
-17.56
-17.56
-17.56
-17.56
-17.56
-17.56
-17.555
-17.56
-17.55
-17.56
-17.56
-17.56
-17.56
-17.56
-17.555
-17.56
-17.56
-17.555
-17.565
-17.555
-17.57
-17.565
-17.565
-17.57
-17.575
-17.585
-17.585
-17.595
-17.595
-17.595
-17.595
-17.6
-17.59
-17.6
-17.59
-17.6
-17.6
-17.595
-17.6
-17.605
-17.535
-16.675
-15.805
-14.845
-13.845
-12.78
-11.85
-10.775
-9.55
-8.42
-7.285
-6.15
-5.035
-3.885
-2.715
-1.55
-0.39
0.735
1.835
2.95
4.05
5.14
6.26
7.365
8.545
9.74
11
12.34
13.725
15.21
16.1
16.26
16.315
16.355
16.385
16.4
16.415
16.415
16.425
16.42
16.42
16.42
16.42
16.425
16.425
16.425
16.425
16.43
16.435
16.435
16.435
16.43
16.435
16.43
16.435
16.435
16.44
16.435
16.435
16.44
16.435
16.435
16.435
16.425
16.43
16.43
16.42
16.43
16.43
16.43
16.435
16.435
16.43
16.43
16.43
16.41
16.435
16.43
16.43
16.435
16.44
16.44
16.44
16.44
16.44
16.44
16.44
16.44
16.44
16.435
16.44
16.44
16.45
16.465
16.495
16.575
16.63
16.625
16.63
16.63
16.62
16.605
16.6
16.585
16.575
16.565
16.565
16.56
16.555
16.55
16.535
16.53
16.515
16.5
16.5
16.52
16.54
16.61
16.705
16.71
16.905
17.095
17.1
17.1
17.105
17.11
17.11
17.105
17.105
17.11
17.11
17.11
17.11
17.105
17.105
17.105
17.105
17.105
17.11
17.105
17.105
17.105
17.105
17.11
17.11
17.13
17.14
17.17
17.18
17.185
17.195
17.225
17.225
17.23
17.23
17.235
17.23
17.235
17.23
17.23
17.235
17.235
17.235
17.235
17.245
17.235
17.24
17.24
17.235
17.255
17.26
17.26
17.26
17.26
17.26
17.26
17.265
17.265
17.27
17.27
17.28
17.28
17.28
17.285
17.29
17.285
17.285
17.285
17.285
17.285
17.29
17.285
17.29
17.29
17.29
17.285
17.29
17.29
17.29
17.29
17.29
17.29
17.295
17.295
17.295
17.295
17.305
17.305
17.31
17.31
17.31
17.31
17.31
17.315
17.31
17.315
17.32
17.315
17.32
17.32
17.32
17.32
17.32
17.325
17.325
17.355
16.945
16.605
16.29
15.93
15.6
15.23
14.865
14.475
14.02
13.605
13.2
12.78
12.38
11.97
11.6
11.06
10.515
10.01
9.525
9.045
8.59
8.115
7.615
7.09
6.54
5.935
5.345
4.74
4.11
3.47
2.82
2.2
1.56
0.905
0.25
-0.4
-1.055
-1.725
-2.41
-3.07
-3.73
-4.38
-5.06
-5.71
-6.385
-7.045
-7.715
-8.385
-9.04
-9.715
-10.385
-11.08
-11.77
-12.465
-13.155
-13.86
-14.575
-15.28
-16.005
-16.25
-16.255
-16.255
-16.255
-16.255
-16.245
-16.245
-16.245
-16.24
-16.24
-16.23
-16.225
-16.23
-16.22
-16.22
-16.22
-16.215
-16.215
-16.215
-16.215
-16.22
-16.26
-16.31
-16.33
-16.36
-16.38
-16.395
-16.41
-16.425
-16.445
-16.445
-16.455
-16.46
-16.465
-16.47
-16.475
-16.475
-16.48
-16.48
-16.475
-16.48
-16.475
-16.64
-16.745
-16.81
-16.865
-16.92
-16.955
-17.01
-17.05
-17.085
-17.12
-17.165
-17.205
-17.215
-17.225
-17.36
-17.38
-17.42
-17.455
-17.49
-17.515
-17.54
-17.565
-17.575
-17.585
-17.6
-17.6
-17.605
-17.61
-17.61
-17.615
-17.615
-17.615
-17.615
-17.6
-17.59
-17.585
-17.58
-17.57
-17.56
-17.54
-17.52
-17.51
-17.495
-17.485
-17.47
-17.455
-17.44
-17.42
-17.41
-17.395
-17.38
-17.365
-17.35
-17.32
-17.295
-17.275
-17.25
-17.22
-17.2
-17.175
-17.165
-17.155
-17.145
-17.145
-17.135
-17.13
-17.125
-17.125
-17.13
-17.125
-17.13
-17.125
-17.135
-17.135
-17.135
-17.14
-17.14
-17.14
-17.14
-17.14
-17.14
-17.135
-17.14
-17.14
-17.14
-17.14
-17.14
-17.14
-17.14
-17.14
-17.135
-17.135
-17.135
-17.135
-17.135
-17.135
-17.135
-17.135
-17.07
-16.485
-15.98
-15.555
-15.19
-14.825
-14.39
-13.915
-13.445
-12.96
-12.44
-11.915
-11.38
-10.855
-10.415
-9.935
-9.245
-8.685
-8.14
-7.595
-7.075
-6.525
-5.97
-5.415
-4.805
-4.29
-3.74
-3.18
-2.62
-2.045
-1.455
-0.87
-0.265
0.34
0.905
1.465
2.035
2.605
3.185
3.76
4.29
4.885
5.435
5.985
6.535
7.095
7.63
8.205
8.765
9.32
9.9
10.475
11.05
11.63
12.21
12.73
13.38
14.005
14.63
15.27
15.605
15.655
15.67
15.67
15.67
15.67
15.68
15.68
15.68
15.68
15.68
15.68
15.68
15.68
15.68
15.69
15.69
15.69
15.69
15.695
15.695
15.705
15.715
15.73
15.745
15.775
15.795
15.815
15.825
15.835
15.855
15.915
15.95
15.995
16.04
16.105
16.145
16.175
16.225
16.275
16.315
16.36
16.395
16.42
16.435
16.45
16.45
16.465
16.465
16.47
16.465
16.47
16.47
16.48
16.48
16.475
16.48
16.485
16.49
16.495
16.5
16.505
16.51
16.51
16.51
16.52
16.52
16.52
16.52
16.52
16.52
16.52
16.52
16.52
16.51
16.51
16.52
16.515
16.515
16.51
16.505
16.515
16.57
16.645
16.665
16.685
16.735
16.785
16.82
16.83
16.835
16.85
16.855
16.855
16.86
16.855
16.85
16.845
16.84
16.835
16.835
16.835
16.83
16.825
16.82
16.815
16.8
16.8
16.795
16.795
16.785
16.78
16.78
16.78
16.77
16.765
16.76
16.755
16.755
16.75
16.74
16.74
16.745
16.74
16.725
16.73
16.73
16.745
16.75
16.755
16.77
16.775
16.82
16.88
16.91
16.935
16.98
17.015
17.03
17.085
17.135
17.23
17.23
17.23
17.235
17.235
17.225
17.23
17.22
17.225
17.225
17.225
17.225
17.23
17.225
17.23
17.23
17.225
17.225
17.23
17.225
17.225
17.225
17.225
17.22
17.225
17.22
17.22
17.22
17.22
17.22
17.225
17.225
17.225
17.23
17.23
17.245
17.255
17.27
17.285
17.29
17.3
17.3
17.305
17.315
17.33
17.33
17.335
17.335
17.335
17.335
17.34
17.345
17.34
17.34
17.345
17.345
17.345
17.345
17.345
17.345
17.345
17.345
17.345
17.345
17.345
17.345
17.335
17.075
16.9
16.71
16.545
16.38
16.22
15.995
15.79
15.6
15.39
15.18
14.93
14.735
14.51
14.275
14.03
13.755
13.495
13.265
13.025
12.79
12.56
12.325
12.1
11.865
11.615
11.32
11.035
10.72
10.435
10.145
9.855
9.57
9.27
9
8.71
8.435
8.18
7.9
7.615
7.33
7.015
6.71
6.37
6.035
5.68
5.34
4.99
4.63
4.275
3.925
3.56
3.2
2.83
2.46
2.115
1.72
1.35
0.975
0.935
0.935
0.935
0.94
0.94
0.95
0.95
0.955
0.955
0.95
0.95
0.945
0.95
0.945
0.955
0.95
0.955
0.955
0.95
0.905
0.765
0.645
0.545
0.41
0.3
0.195
0.075
-0.04
-0.15
-0.27
-0.41
-0.425
-0.45
-0.465
-0.47
-0.48
-0.49
-0.5
-0.51
-0.52
-0.52
-0.52
-0.52
-0.52
-0.53
-0.525
-0.54
-0.555
-0.565
-0.565
-0.565
-0.57
-0.57
-0.57
-0.57
-0.57
-0.57
-0.565
-0.565
-0.565
-0.57
-0.57
-0.565
-0.57
-0.57
-0.57
-0.57
-0.565
-0.57
-0.57
-0.57
-0.57
-0.565
-0.565
-0.565
-0.565
-0.565
-0.565
-0.57
-0.565
-0.565
-0.565
-0.565
-0.565
-0.565
-0.565
-0.575
-0.585
-0.605
-0.62
-0.625
-0.63
-0.64
-0.645
-0.645
-0.65
-0.655
-0.655
-0.655
-0.665
-0.665
-0.67
-0.675
-0.675
-0.67
-0.675
-0.675
-0.675
-0.67
-0.67
-0.67
-0.67
-0.67
-0.665
-0.665
-0.66
-0.66
-0.66
-0.66
-0.66
-0.66
-0.66
-0.66
-0.66
-0.66
-0.66
-0.66
-0.66
-0.66
-0.665
-0.665
-0.675
-0.665
-0.67
-0.68
-0.685
-0.685
-0.685
-0.685
-0.725
-0.725
-0.72
-0.72
-0.725
-0.72
-0.725
-0.765
-0.775
-0.78
-0.78
-0.78
-0.795
-0.83
-0.835
-0.84
-0.84
-0.85
-0.85
-0.85
-0.85
-0.85
-0.85
-0.85
-0.85
-0.855
-0.855
-0.86
-0.86
-0.86
-0.86
-0.86
-0.86
-0.86
-0.86
-0.855
-0.855
-0.85
-0.85
-0.85
-0.85
-0.85
-0.85
-0.845
-0.845
-0.855
-0.855
-0.855
-0.855
-0.855
-0.855
-0.855
-0.855
-0.855
-0.855
-0.855
-0.855
-0.86
-0.86
-0.86
-0.865
-0.865
-0.865
-0.885
-0.895
-0.895
-0.895
-0.895
-0.895
-0.895
-0.895
-0.895
-0.895
-0.895
-0.895
-0.895
-0.895
-0.895
-0.895
-0.89
-0.885
-0.905
-0.91
-0.91
-0.91
-0.91
-0.915
-0.915
-0.925
-0.925
-0.925
-0.925
-0.93
-0.93
-0.93
-0.93
-0.93
-0.93
-0.93
-0.93
-0.93
-0.93
-0.93
-0.93
-0.935
-0.93
-0.935
-0.935
-0.93
-0.935
-0.935
-0.935
-0.935
-0.935
-0.935
-0.935
-0.935
-0.935
-0.93
-0.935
-0.93
-0.93
-0.93
-0.93
-0.93
-0.93
-0.93
-0.925
-0.93
-0.925
-0.92
-0.925
-0.925
-0.92
-0.93
-0.925
-0.925
-0.93
-0.935
-0.945
-0.945
-0.95
-0.95
-0.95
-0.95
-0.95
-0.95
-0.95
-0.95
-0.945
-0.945
-0.94
-0.945
-0.94
-0.945
-0.94
-0.935
-0.935
-0.935
-0.935
-0.935
-0.935
-0.935
-0.93
-0.92
-0.92
-0.92
-0.915
-0.905
-0.905
-0.865
-0.865
-0.865
-0.865
-0.865
-0.865
-0.865
-0.86
-0.865
-0.865
-0.865
-0.865
-0.865
-0.865
-0.865
-0.865
-0.87
-0.865
-0.865
-0.87
-0.87
-0.87
-0.875
-0.875
-0.875
-0.875
-0.88
-0.88
-0.88
-0.885
-0.88
-0.885
-0.885
-0.88
-0.88
-0.875
-0.875
-1.055
-1.78
-2.335
-2.835
-3.34
-3.84
-4.285
-4.98
-5.475
-6.04
-6.635
-7.2
-7.775
-8.415
-9.03
-9.635
-10.265
-10.88
-11.52
-12.155
-12.8
-13.455
-14.125
-14.805
-15.49
-16.175
-16.875
-17.565
-18.27
-19.005
-19.385
-19.395
-19.395
-19.395
-19.395
-19.39
-19.39
-19.39
-19.385
-19.38
-19.38
-19.38
-19.38
-19.375
-19.37
-19.37
-19.37
-19.37
-19.36
-19.365
-19.37
-19.38
-19.405
-19.44
-19.48
-19.495
-19.52
-19.56
-19.645
-19.75
-19.83
-19.93
-20.01
-20.085
-20.155
-20.25
-20.325
-20.405
-20.48
-20.545
-20.58
-20.61
-20.63
-20.65
-20.66
-20.675
-20.69
-20.695
-20.705
-20.72
-20.725
-20.73
-20.74
-20.745
-20.745
-20.75
-20.755
-20.755
-20.755
-20.755
-20.765
-20.765
-20.765
-20.765
-20.765
-20.77
-20.77
-20.775
-20.775
-20.775
-20.775
-20.78
-20.78
-20.78
-20.785
-20.785
-20.785
-20.785
-20.785
-20.785
-20.785
-20.785
-20.785
-20.785
-20.785
-20.785
-20.785
-20.79
-20.79
-20.79
-20.805
-20.805
-20.81
-20.815
-20.82
-20.82
-20.82
-20.82
-20.825
-20.83
-20.835
-20.835
-20.835
-20.835
-20.84
-20.845
-20.845
-20.845
-20.845
-20.845
-20.85
-20.85
-20.855
-20.855
-20.855
-20.855
-20.86
-20.855
-20.85
-20.855
-20.855
-20.85
-20.85
-20.855
-20.86
-20.855
-20.855
-20.85
-20.85
-20.85
-20.85
-20.85
-20.85
-20.85
-20.85
-20.85
-20.85
-20.85
-20.85
-20.845
-20.845
-20.845
-20.845
-20.845
-20.845
-20.845
-20.845
-20.845
-20.845
-20.845
-20.84
-20.845
-20.84
-20.845
-20.845
-20.845
-20.845
-20.845
-20.855
-20.865
-20.865
-20.87
-20.875
-20.875
-20.875
-20.875
-20.88
-20.885
-21.035
-21.255
-21.39
-21.415
-21.485
-21.56
-21.62
-21.69
-21.755
-21.865
-21.965
-22.035
-22.09
-22.15
-22.21
-22.275
-22.325
-22.375
-22.415
-22.47
-22.51
-22.54
-22.565
-22.585
-22.605
-22.62
-22.64
-22.64
-22.65
-22.65
-22.65
-22.655
-22.65
-22.635
-22.625
-22.605
-22.59
-22.575
-22.55
-22.525
-22.5
-22.48
-22.465
-22.44
-22.42
-22.38
-22.35
-22.305
-22.265
-22.23
-22.185
-22.15
-22.125
-22.09
-22.065
-22.04
-22.015
-21.985
-21.965
-21.92
-21.91
-21.915
-21.9
-21.895
-21.895
-21.895
-21.895
-21.895
-21.9
-21.895
-21.895
-21.895
-21.895
-21.905
-21.895
-21.895
-21.895
-21.895
-21.895
-21.91
-21.895
-21.895
-21.905
-21.905
-21.9
-21.895
-21.895
-21.895
-21.89
-21.885
-21.885
-21.885
-21.885
-21.89
-21.89
-21.885
-21.885
-21.885
-21.885
-21.885
-21.885
-21.885
-21.895
-21.895
-21.895
-21.9
-21.895
-21.905
-21.905
-21.91
-21.905
-21.915
-21.91
-21.915
-21.915
-21.915
-21.915
-21.915
-21.915
-21.915
-21.91
-21.915
-21.91
-21.91
-21.905
-21.905
-21.905
-21.905
-21.905
-21.905
-21.9
-21.9
-21.905
-21.46
-20.875
-20.325
-19.78
-19.225
-18.63
-18.015
-17.44
-16.945
-16.16
-15.445
-14.795
-14.145
-13.52
-12.905
-12.245
-11.59
-10.92
-10.22
-9.575
-8.885
-8.205
-7.515
-6.83
-6.13
-5.455
-4.755
-4.035
-3.3
-2.555
-1.815
-1.08
-0.36
0.325
1.04
1.75
2.465
3.195
3.92
4.635
5.37
6.075
6.785
7.505
8.23
8.955
9.67
9.95
11.16
11.93
12.715
13.515
14.335
15.165
16.03
16.97
17.895
18.84
19.805
20.46
20.525
20.545
20.545
20.545
20.545
20.55
20.555
20.555
20.555
20.555
20.555
20.56
20.56
20.565
20.565
20.565
20.565
20.565
20.57
20.58
20.59
20.61
20.62
20.66
20.68
20.7
20.715
20.735
20.74
20.745
20.745
20.755
20.76
20.76
20.765
20.765
20.765
20.765
20.765
20.765
20.765
20.765
20.76
20.755
20.755
20.755
20.755
20.755
20.75
20.75
20.75
20.79
20.785
20.785
20.78
20.78
20.785
20.78
20.78
20.78
20.785
20.785
20.79
20.79
20.795
20.8
20.8
20.805
20.82
20.82
20.82
20.845
20.85
20.85
20.85
20.845
20.88
20.88
20.88
20.875
20.875
20.87
20.87
20.87
20.87
20.87
20.88
20.88
20.88
20.88
20.88
20.88
20.875
20.875
20.875
20.875
20.87
20.87
20.87
20.87
20.87
20.87
20.87
20.87
20.87
20.87
20.88
20.9
20.905
20.915
20.935
20.945
20.955
20.965
20.965
20.965
20.995
20.995
20.995
21
21
21.015
21.015
21.015
21.015
21.02
21.035
21.04
21.04
21.035
21.04
21.05
21.055
21.05
21.055
21.05
21.05
21.05
21.055
21.05
21.05
21.05
21.05
21.045
21.045
21.045
21.045
21.045
21.045
21.05
21.045
21.045
21.045
21.045
21.05
21.045
21.045
21.05
21.05
21.05
21.055
21.055
21.06
21.065
21.06
21.06
21.065
21.065
21.06
21.065
21.06
21.06
21.06
21.065
21.07
21.09
21.09
21.095
21.095
21.12
21.12
21.125
21.12
21.12
21.12
21.12
21.12
21.12
21.12
21.12
21.115
21.12
21.12
21.115
21.115
21.115
21.115
21.115
21.11
21.115
21.115
21.115
21.105
21.105
21.105
21.1
21.1
21.095
21.095
21.095
21.09
21.095
21.1
21.1
21.1
21.1
21.1
21.11
21.11
21.11
21.115
21.12
21.12
21.12
21.12
21.125
21.13
21.13
21.125
21.125
21.125
21.125
21.125
21.125
21.115
21.12
21.12
21.12
21.12
21.12
21.115
21.12
21.115
21.11
21.11
21.11
21.105
21.11
21.11
21.11
21.11
21.11
21.11
21.11
21.11
21.11
21.11
21.11
21.11
21.11
21.11
21.11
21.11
21.11
21.105
21.115
21.11
21.11
21.11
21.11
21.115
21.115
21.115
21.115
21.11
21.115
21.115
21.125
21.12
21.125
21.125
21.125
21.13
21.135
21.135
21.13
21.135
21.14
21.145
21.145
21.145
21.15
21.15
21.15
21.155
21.155
21.16
21.16
21.16
21.18
21.185
21.185
21.195
21.195
21.195
21.195
21.19
21.19
21.19
21.19
21.185
21.19
21.19
21.19
21.185
21.18
21.18
21.18
21.18
21.18
21.18
21.175
21.17
21.17
21.17
21.17
21.165
21.165
21.165
21.165
21.165
21.17
21.165
21.175
21.175
21.175
21.18
21.18
21.205
21.21
21.21
21.215
21.215
21.215
21.215
21.225
21.22
21.22
21.225
21.22
21.22
21.22
21.22
21.22
21.215
21.215
21.21
21.21
21.21
21.21
21.21
21.215
21.215
21.215
21.21
21.21
21.21
21.21
21.21
21.205
21.205
21.2
21.2
21.2
21.2
21.2
21.2
21.2
21.2
21.2
21.2
21.2
21.2
21.2
21.2
21.2
21.195
21.195
21.22
21.235
21.265
21.3
21.305
21.315
21.33
21.33
21.31
21.29
21.28
21.275
21.26
21.255
21.255
21.245
21.235
21.22
21.21
21.2
21.18
21.175
21.17
21.15
21.135
21.125
21.105
21.085
21.07
21.06
21.045
21.035
21.035
21.025
21.02
21.015
21.005
21
20.985
20.985
20.98
20.975
20.975
20.975
20.975
20.975
20.97
20.97
20.975
20.975
20.97
20.98
21.02
21.065
21.11
21.135
21.195
21.29
21.37
21.375
21.375
21.375
21.375
21.375
21.375
21.375
21.375
21.37
21.37
21.37
21.365
21.365
21.365
21.365
21.365
21.365
21.365
21.365
21.365
21.365
21.365
21.365
21.355
21.36
21.355
21.355
21.355
21.355
21.35
21.35
21.355
21.355
21.345
21.345
21.345
21.345
21.345
21.345
21.345
21.345
21.345
21.345
21.345
21.345
21.345
21.345
21.345
21.345
21.35
21.345
21.35
21.345
21.35
21.345
21.345
21.345
21.345
21.345
21.345
21.345
21.345
21.345
21.345
21.345
21.345
21.345
21.345
21.345
21.355
21.35
21.355
21.355
21.365
21.365
21.365
21.365
21.37
21.38
21.38
21.38
21.375
21.375
21.375
21.375
21.37
21.375
21.375
21.375
21.37
21.365
21.365
21.36
21.355
21.355
21.355
21.355
21.355
21.355
21.355
21.355
21.355
21.355
21.36
21.365
21.365
21.365
21.365
21.365
21.365
21.365
21.37
21.375
21.375
21.375
21.375
21.375
21.375
21.375
21.375
21.375
21.375
21.29
20.735
20.235
19.765
19.285
18.73
18.205
17.69
17.19
16.67
16.1
15.465
14.88
14.325
13.77
13.23
12.665
12.085
11.465
10.795
10.11
9.38
8.67
7.91
7.175
6.425
5.64
4.875
4.095
3.315
2.53
1.745
0.935
0.135
-0.655
-1.485
-2.27
-3.07
-3.875
-4.69
-5.455
-6.225
-6.99
-7.785
-8.6
-9.39
-10.205
-11.02
-11.825
-12.645
-13.485
-14.325
-15.15
-15.985
-16.81
-17.715
-18.58
-19.445
-20.325
-21.175
-21.465
-21.475
-21.465
-21.465
-21.465
-21.455
-21.455
-21.45
-21.445
-21.44
-21.435
-21.435
-21.435
-21.435
-21.435
-21.435
-21.435
-21.44
-21.44
-21.445
-21.45
-21.455
-21.455
-21.46
-21.465
-21.495
-21.515
-21.55
-21.62
-21.905
-22
-22.045
-22.115
-22.14
-22.19
-22.195
-22.195
-22.18
-22.24
-22.28
-22.32
-22.345
-22.36
-22.38
-22.39
-22.395
-22.4
-22.405
-22.405
-22.41
-22.395
-22.39
-22.38
-22.36
-22.345
-22.33
-22.3
-22.28
-22.255
-22.235
-22.205
-22.19
-22.17
-22.105
-22.035
-21.97
-21.9
-21.835
-21.765
-21.705
-21.635
-21.565
-21.49
-21.43
-21.35
-21.27
-21.195
-21.105
-21.025
-20.945
-20.855
-20.755
-20.66
-20.565
-20.47
-20.36
-20.255
-20.16
-20.075
-20.065
-20.065
-20.065
-20.065
-20.065
-20.065
-20.065
-20.065
-20.065
-20.065
-20.075
-20.075
-20.075
-20.085
-20.085
-20.085
-20.095
-20.095
-20.095
-20.095
-20.095
-20.105
-20.105
-20.105
-20.105
-20.095
-20.1
-20.095
-20.095
-20.095
-20.095
-19.6
-19.06
-18.525
-18.01
-17.47
-16.95
-16.335
-15.725
-15.105
-14.57
-13.95
-13.175
-12.465
-11.815
-11.14
-10.505
-9.87
-9.195
-8.495
-7.78
-7.085
-6.375
-5.655
-4.945
-4.19
-3.455
-2.715
-1.97
-1.24
-0.51
0.2
0.9
1.64
2.31
3.045
3.745
4.425
5.105
5.78
6.46
7.13
7.855
8.555
9.27
9.975
10.685
11.39
12.115
12.81
13.51
14.245
14.975
15.7
16.46
17.205
17.995
18.785
19.605
20.42
21.09
21.175
21.18
21.18
21.17
21.17
21.165
21.165
21.165
21.175
21.17
21.175
21.175
21.18
21.185
21.19
21.195
21.195
21.2
21.205
21.22
21.235
21.255
21.27
21.295
21.32
21.335
21.345
21.355
21.365
21.37
21.385
21.385
21.5
21.575
21.58
21.6
21.62
21.66
21.69
21.695
21.685
21.645
21.64
21.64
21.63
21.625
21.585
21.575
21.57
21.55
21.53
21.52
21.51
21.495
21.48
21.465
21.46
21.445
21.445
21.43
21.4
21.395
21.38
21.365
21.35
21.335
21.32
21.305
21.295
21.285
21.28
21.275
21.27
21.27
21.26
21.255
21.255
21.255
21.25
21.25
21.25
21.25
21.25
21.255
21.255
21.255
21.295
21.345
21.345
21.345
21.345
21.45
21.46
21.455
21.46
21.46
21.46
21.46
21.46
21.46
21.46
21.46
21.46
21.46
21.46
21.46
21.46
21.46
21.46
21.46
21.455
21.455
21.455
21.455
21.45
21.455
21.45
21.45
21.445
21.445
21.445
21.44
21.44
21.435
21.435
21.435
21.435
21.43
21.43
21.425
21.425
21.42
21.415
21.41
21.41
21.405
21.405
21.4
21.4
21.395
21.39
21.38
21.375
21.37
21.355
21.255
20.73
20.435
20.2
19.74
19.425
19.19
18.94
18.69
18.475
18.21
18.01
17.73
17.475
17.215
16.945
16.68
16.43
16.125
15.75
15.415
15.14
14.855
14.555
14.255
13.935
13.645
13.36
13.1
12.79
12.485
12.205
11.895
11.565
11.245
10.895
10.545
10.175
9.795
9.435
9.06
8.675
8.295
7.91
7.535
7.14
6.75
6.36
5.965
5.565
5.18
4.78
4.37
3.985
3.585
3.17
2.77
2.365
1.96
1.55
1.125
0.715
0.3
-0.045
-0.045
-0.045
-0.055
-0.05
-0.045
-0.05
-0.055
-0.05
-0.05
-0.05
-0.05
-0.05
-0.055
-0.05
-0.05
-0.05
-0.05
-0.05
-0.05
-0.05
-0.05
-0.05
-0.045
-0.045
-0.045
-0.05
-0.055
-0.085
-0.1
-0.115
-0.13
-0.15
-0.165
-0.185
-0.215
-0.225
-0.235
-0.25
-0.26
-0.275
-0.28
-0.285
-0.29
-0.29
-0.29
-0.29
-0.29
-0.315
-0.315
-0.315
-0.315
-0.315
-0.315
-0.315
-0.315
-0.315
-0.315
-0.315
-0.315
-0.315
-0.315
-0.315
-0.315
-0.315
-0.31
-0.315
-0.315
-0.315
-0.315
-0.31
-0.315
-0.315
-0.315
-0.315
-0.315
-0.315
-0.315
-0.315
-0.315
-0.315
-0.315
-0.315
-0.315
-0.315
-0.315
-0.315
-0.315
-0.315
-0.315
-0.315
-0.315
-0.315
-0.315
-0.315
-0.315
-0.315
-0.315
-0.315
-0.315
-0.315
-0.315
-0.315
-0.315
-0.315
-0.315
-0.315
-0.315
-0.315
-0.315
-0.315
-0.315
-0.315
-0.315
-0.315
-0.315
-0.315
-0.315
-0.315
-0.315
-0.315
-0.315
-0.315
-0.32
-0.315
-0.32
-0.315
-0.315
-0.31
-0.31
-0.31
-0.305
-0.305
-0.305
-0.3
-0.3
-0.3
-0.3
-0.3
-0.3
-0.3
-0.3
-0.3
-0.29
-0.28
-0.28
-0.28
-0.28
-0.28
-0.28
-0.28
-0.28
-0.28
-0.285
-0.29
-0.29
-0.29
-0.29
-0.29
-0.29
-0.29
-0.29
-0.29
-0.29
-0.295
-0.295
-0.295
-0.295
-0.295
-0.295
-0.295
-0.295
-0.295
-0.295
-0.295
-0.29
-0.29
-0.29
-0.29
-0.29
-0.29
-0.29
-0.29
-0.29
-0.29
-0.29
-0.29
-0.285
-0.29
-0.29
-0.29
-0.29
-0.285
-0.285
-0.285
-0.285
-0.285
-0.285
-0.285
-0.29
-0.29
-0.29
-0.285
-0.29
-0.29
-0.29
-0.29
-0.29
-0.29
-0.29
-0.29
-0.29
-0.29
-0.29
-0.29
-0.29
-0.42
-1
-1.38
-1.705
-2.02
-2.325
-2.635
-2.995
-3.35
-3.72
-4.12
-4.505
-4.875
-5.29
-5.67
-6.085
-6.48
-6.875
-7.275
-7.685
-8.095
-8.505
-8.91
-9.33
-9.71
-10.14
-10.525
-10.935
-11.39
-11.815
-12.235
-12.65
-13.09
-13.485
-13.91
-14.345
-14.78
-15.215
-15.65
-16.095
-16.52
-16.95
-17.38
-17.825
-18.25
-18.685
-19.14
-19.585
-20.03
-20.49
-20.935
-21.42
-21.93
-22.33
-22.74
-23.19
-23.66
-24.14
-24.62
-25.09
-25.31
-25.315
-25.32
-25.32
-25.33
-25.33
-25.335
-25.34
-25.34
-25.345
-25.345
-25.35
-25.345
-25.345
-25.345
-25.345
-25.335
-25.335
-25.33
-25.33
-25.365
-25.405
-25.435
-25.455
-25.485
-25.505
-25.53
-25.55
-25.57
-25.59
-25.605
-25.61
-25.615
-25.625
-25.63
-25.635
-25.645
-25.645
-25.645
-25.645
-25.645
-25.645
-25.645
-25.65
-25.65
-25.65
-25.65
-25.65
-25.65
-25.655
-25.655
-25.655
-25.655
-25.655
-25.655
-25.655
-25.655
-25.65
-25.655
-25.655
-25.66
-25.66
-25.725
-25.775
-25.795
-25.865
-25.965
-26.08
-26.15
-26.2
-26.4
-26.48
-26.545
-26.61
-26.68
-26.735
-26.77
-26.815
-26.85
-26.875
-26.895
-26.905
-26.91
-26.92
-26.925
-26.93
-26.935
-26.94
-26.935
-26.925
-26.915
-26.905
-26.89
-26.875
-26.85
-26.82
-26.79
-26.755
-26.72
-26.66
-26.605
-26.54
-26.475
-26.41
-26.335
-26.26
-26.19
-26.11
-26.02
-25.945
-25.855
-25.77
-25.685
-25.59
-25.495
-25.395
-25.295
-25.195
-25.085
-24.975
-24.865
-24.825
-24.825
-24.815
-24.81
-24.805
-24.8
-24.795
-24.795
-24.79
-24.79
-24.79
-24.785
-24.79
-24.785
-24.78
-24.78
-24.78
-24.78
-24.78
-24.78
-24.78
-24.78
-24.78
-24.78
-24.78
-24.78
-24.78
-24.785
-24.78
-24.785
-24.79
-24.79
-24.795
-24.8
-24.8
-24.81
-24.81
-24.82
-24.82
-24.82
-24.825
-24.825
-24.82
-24.815
-24.815
-24.805
-24.8
-24.795
-24.79
-24.785
-24.785
-24.78
-24.775
-24.775
-24.775
-24.775
-24.775
-24.775
-24.775
-24.775
-24.775
-24.775
-24.775
-24.78
-24.785
-24.79
-24.795
-24.275
-23.595
-22.965
-22.335
-21.685
-20.985
-20.28
-19.685
-18.895
-18.01
-17.23
-16.45
-15.69
-14.92
-14.145
-13.36
-12.515
-11.69
-10.855
-10.005
-9.18
-8.31
-7.44
-6.565
-5.735
-4.84
-3.97
-3.11
-2.24
-1.39
-0.545
0.31
1.16
2
2.835
3.64
4.48
5.32
6.155
7.015
7.865
8.725
9.57
10.405
11.26
12.095
12.975
13.855
14.725
15.585
16.47
17.35
18.29
19.22
20.175
21.13
22.11
23.13
24.175
24.975
25.075
25.095
25.095
25.095
25.095
25.095
25.09
25.09
25.085
25.085
25.085
25.085
25.085
25.08
25.08
25.08
25.08
25.08
25.08
25.08
25.095
25.105
25.13
25.135
25.175
25.195
25.235
25.245
25.285
25.39
25.455
25.48
25.51
25.525
25.53
25.53
25.5
25.475
25.435
25.43
25.405
25.385
25.345
25.315
25.29
25.27
25.235
25.205
25.185
25.16
25.13
25.11
25.06
25.04
25.02
24.995
24.955
24.92
24.89
24.87
24.85
24.81
24.77
24.745
24.725
24.7
24.675
24.655
24.64
24.62
24.61
24.585
24.57
24.56
24.56
24.56
24.55
24.545
24.54
24.54
24.535
24.535
24.54
24.535
24.535
24.535
24.54
24.545
24.56
24.57
24.57
24.57
24.575
24.575
24.58
24.58
24.58
24.58
24.58
24.58
24.585
24.585
24.585
24.58
24.585
24.585
24.585
24.58
24.585
24.595
24.605
24.615
24.63
24.655
24.675
24.71
24.745
24.77
24.785
24.8
24.845
24.85
24.855
24.85
24.855
24.855
24.85
24.85
24.85
24.845
24.845
24.845
24.845
24.845
24.845
24.835
24.84
24.835
24.835
24.83
24.835
24.83
24.83
24.83
24.835
24.835
24.835
24.855
24.455
24.12
23.83
23.57
23.33
23.045
22.77
22.445
22.08
21.745
21.445
21.115
20.795
20.485
20.155
19.81
19.495
19.12
18.675
18.25
17.91
17.55
17.155
16.795
16.455
16.1
15.76
15.36
15.01
14.63
14.26
13.845
13.435
13
12.55
12.095
11.645
11.18
10.685
10.225
9.76
9.3
8.82
8.34
7.865
7.37
6.86
6.39
5.885
5.37
4.86
4.365
3.88
3.355
2.85
2.335
1.82
1.31
0.805
0.5
0.5
0.505
0.52
0.52
0.525
0.525
0.53
0.525
0.53
0.525
0.525
0.525
0.525
0.53
0.53
0.535
0.535
0.53
0.52
0.505
0.49
0.455
0.43
0.4
0.38
0.36
0.285
0.245
0.225
0.21
0.21
0.21
0.21
0.17
0.155
0.145
0.15
0.145
0.145
0.145
0.145
0.145
0.145
0.15
0.145
0.15
0.15
0.15
0.15
0.15
0.15
0.15
0.15
0.15
0.15
0.15
0.15
0.15
0.15
0.15
0.15
0.11
-0.435
-0.83
-1.16
-1.47
-1.775
-2.105
-2.475
-2.845
-3.215
-3.62
-4.01
-4.425
-4.83
-5.22
-5.62
-6.05
-6.45
-6.86
-7.28
-7.71
-8.115
-8.565
-8.965
-9.385
-9.81
-10.23
-10.655
-11.085
-11.52
-11.94
-12.36
-12.74
-13.195
-13.67
-14.115
-14.55
-14.985
-15.425
-15.855
-16.295
-16.735
-17.17
-17.615
-18.035
-18.485
-18.925
-19.36
-19.83
-20.27
-20.725
-21.18
-21.63
-22.085
-22.55
-23.005
-23.48
-23.945
-24.43
-24.915
-25.195
-25.21
-25.21
-25.205
-25.205
-25.21
-25.21
-25.21
-25.215
-25.215
-25.215
-25.215
-25.22
-25.22
-25.225
-25.225
-25.225
-25.225
-25.23
-25.235
-25.255
-25.265
-25.275
-25.31
-25.375
-25.425
-25.445
-25.455
-25.47
-25.485
-25.495
-25.5
-25.505
-25.515
-25.515
-25.525
-25.525
-25.525
-25.525
-25.525
-25.525
-25.525
-25.525
-25.525
-25.525
-25.525
-25.525
-25.525
-25.515
-25.515
-25.515
-25.515
-25.515
-25.515
-25.515
-25.515
-25.54
-25.55
-25.6
-25.655
-25.73
-25.825
-26.07
-26.18
-26.31
-26.395
-26.485
-26.565
-26.645
-26.72
-26.78
-26.835
-26.87
-26.91
-26.945
-26.955
-26.97
-26.98
-26.985
-26.99
-27.005
-27
-27
-27
-26.995
-26.98
-26.97
-26.955
-26.935
-26.91
-26.875
-26.845
-26.815
-26.77
-26.715
-26.65
-26.6
-26.54
-26.475
-26.395
-26.325
-26.255
-26.175
-26.095
-26.015
-25.93
-25.845
-25.755
-25.665
-25.58
-25.485
-25.395
-25.305
-25.22
-25.135
-25.07
-25.055
-25.045
-25.045
-25.035
-25.025
-25.025
-25.025
-25.015
-25.015
-25.015
-25.01
-25.005
-25.005
-25.005
-25.005
-25
-25.005
-25.01
-25.01
-25.01
-25.015
-25.02
-25.025
-25.03
-25.035
-25.04
-25.045
-25.05
-25.055
-25.055
-25.065
-25.065
-25.065
-25.065
-25.065
-25.065
-25.065
-25.065
-25.065
-25.065
-25.06
-25.06
-25.08
-24.46
-23.73
-23.105
-22.475
-21.865
-21.36
-20.565
-19.75
-19.035
-18.31
-17.61
-16.89
-16.145
-15.39
-14.635
-13.855
-13.055
-12.245
-11.415
-10.59
-9.75
-8.895
-8.06
-7.095
-6.33
-5.47
-4.645
-3.745
-2.89
-2.045
-1.165
-0.33
0.505
1.335
2.185
3
3.82
4.66
5.5
6.335
7.175
8.045
8.875
9.755
10.62
11.515
12.41
13.315
14.19
15.07
15.96
16.86
17.77
18.695
19.655
20.605
21.555
22.58
23.545
24.395
24.485
24.515
24.53
24.53
24.53
24.53
24.53
24.53
24.53
24.53
24.53
24.535
24.53
24.535
24.535
24.535
24.535
24.535
24.535
24.53
24.535
24.545
24.555
24.57
24.585
24.6
24.635
24.65
24.66
24.675
24.68
24.695
24.76
24.875
24.89
24.945
24.965
24.965
24.975
24.975
24.96
24.925
24.91
24.88
24.865
24.84
24.82
24.795
24.765
24.74
24.715
24.685
24.655
24.63
24.61
24.595
24.565
24.545
24.525
24.505
24.485
24.46
24.44
24.42
24.4
24.39
24.375
24.345
24.345
24.33
24.33
24.33
24.325
24.32
24.315
24.315
24.315
24.31
24.305
24.3
24.3
24.295
24.295
24.295
24.295
24.295
24.29
24.29
24.32
24.335
24.35
24.435
24.55
24.555
24.55
24.555
24.55
24.55
24.55
24.55
24.55
24.55
24.55
24.55
24.55
24.55
24.55
24.545
24.545
24.495
24.04
23.715
23.435
23.16
22.9
22.625
22.275
21.955
21.65
21.35
21.06
20.755
20.455
20.125
19.795
19.475
19.045
18.66
18.31
17.97
17.615
17.235
16.885
16.505
16.17
15.86
15.48
15.145
14.79
14.405
14.005
13.62
13.19
12.745
12.31
11.86
11.41
10.955
10.505
10.035
9.6
9.115
8.65
8.185
7.705
7.235
6.765
6.26
5.79
5.3
4.82
4.33
3.87
3.365
2.865
2.375
1.875
1.405
0.89
0.665
0.665
0.67
0.67
0.675
0.675
0.675
0.67
0.675
0.675
0.675
0.67
0.675
0.675
0.67
0.67
0.67
0.67
0.67
0.67
0.67
0.645
0.615
0.58
0.545
0.5
0.48
0.46
0.445
0.415
0.365
0.305
0.255
0.21
0.165
0.115
0.055
0.015
-0.045
-0.09
-0.13
-0.175
-0.19
-0.215
-0.245
-0.275
-0.28
-0.29
-0.3
-0.315
-0.325
-0.32
-0.325
-0.325
-0.365
-0.365
-0.37
-0.37
-0.37
-0.37
-0.37
-0.37
-0.37
-0.37
-0.37
-0.37
-0.37
-0.37
-0.37
-0.37
-0.37
-0.37
-0.37
-0.37
-0.37
-0.37
-0.37
-0.365
-0.365
-0.365
-0.365
-0.365
-0.365
-0.365
-0.365
-0.365
-0.365
-0.365
-0.365
-0.365
-0.365
-0.365
-0.365
-0.365
-0.365
-0.365
-0.37
-0.365
-0.365
-0.365
-0.365
-0.365
-0.37
-0.365
-0.365
-0.365
-0.365
-0.365
-0.365
-0.365
-0.365
-0.365
-0.365
-0.365
-0.365
-0.365
-0.365
-0.365
-0.365
-0.365
-0.365
-0.365
-0.365
-0.365
-0.365
-0.365
-0.365
-0.365
-0.365
-0.365
-0.365
-0.365
-0.365
-0.365
-0.365
-0.365
-0.365
-0.365
-0.365
-0.365
-0.365
-0.365
-0.365
-0.365
-0.365
-0.365
-0.365
-0.365
-0.37
-0.365
-0.365
-0.365
-0.37
-0.37
-0.37
-0.37
-0.37
-0.37
-0.37
-0.37
-0.37
-0.37
-0.37
-0.37
-0.37
-0.37
-0.365
-0.365
-0.365
-0.365
-0.365
-0.365
-0.365
-0.365
-0.365
-0.365
-0.365
-0.365
-0.365
-0.365
-0.365
-0.365
-0.365
-0.365
-0.37
-0.37
-0.37
-0.365
-0.37
-0.365
-0.37
-0.37
-0.37
-0.37
-0.37
-0.37
-0.37
-0.37
-0.37
-0.37
-0.37
-0.37
-0.37
-0.37
-0.37
-0.37
-0.37
-0.37
-0.37
-0.37
-0.37
-0.37
-0.37
-0.37
-0.37
-0.37
-0.37
-0.37
-0.375
-0.375
-0.375
-0.375
-0.375
-0.375
-0.375
-0.375
-0.375
-0.37
-0.37
-0.37
-0.37
-0.37
-0.37
-0.37
-0.37
-0.37
-0.37
-0.37
-0.37
-0.37
-0.37
-0.37
-0.37
-0.37
-0.37
-0.37
-0.37
-0.37
-0.37
-0.37
-0.37
-0.37
-0.375
-0.37
-0.37
-0.37
-0.375
-0.375
-0.375
-0.375
-0.375
-0.375
-0.375
-0.375
-0.375
-0.37
-0.37
-0.37
-0.37
-0.37
-0.37
-0.37
-0.365
-0.365
-0.365
-0.365
-0.365
-0.37
-0.375
-0.37
-0.37
-0.37
-0.375
-0.375
-0.375
-0.375
-0.375
-0.375
-0.375
-0.375
-0.375
-0.375
-0.375
-0.375
-0.375
-0.375
-0.375
-0.375
-0.375
-0.375
-0.375
-0.375
-0.375
-0.375
-0.375
-0.375
-0.375
-0.375
-0.375
-0.375
-0.375
-0.375
-0.38
-0.375
-0.37
-0.36
-0.355
-0.355
-0.345
-0.335
-0.33
-0.33
-0.32
-0.3
-0.27
-0.245
-0.245
-0.245
-0.245
-0.24
-0.24
-0.24
-0.24
-0.24
-0.24
-0.24
-0.24
-0.24
-0.24
-0.24
-0.24
-0.24
-0.24
-0.24
-0.24
-0.24
-0.235
-0.24
-0.24
-0.235
-0.235
-0.235
-0.235
-0.24
-0.24
-0.235
-0.235
-0.235
-0.24
-0.235
-0.245
-0.325
-0.98
-1.435
-1.855
-2.23
-2.605
-2.99
-3.405
-3.86
-4.3
-4.81
-5.185
-5.63
-6.12
-6.565
-7.015
-7.48
-7.96
-8.41
-8.885
-9.365
-9.845
-10.31
-10.785
-11.265
-11.75
-12.22
-12.695
-13.185
-13.665
-14.165
-14.665
-15.15
-15.625
-16.105
-16.585
-17.085
-17.6
-18.095
-18.6
-19.115
-19.625
-20.14
-20.645
-21.145
-21.685
-22.185
-22.725
-23.26
-23.775
-24.285
-24.83
-25.34
-25.885
-26.425
-26.96
-27.495
-28.02
-28.525
-29.07
-29.41
-29.415
-29.41
-29.41
-29.41
-29.41
-29.41
-29.405
-29.41
-29.405
-29.405
-29.405
-29.4
-29.4
-29.4
-29.395
-29.395
-29.39
-29.39
-29.385
-29.38
-29.38
-29.375
-29.4
-29.455
-29.5
-29.51
-29.55
-29.6
-29.615
-29.635
-29.645
-29.67
-29.695
-29.695
-29.79
-29.825
-29.835
-29.835
-29.835
-29.84
-29.84
-29.845
-29.845
-29.845
-29.85
-30.02
-30.105
-30.28
-30.435
-30.575
-30.68
-30.95
-31.085
-31.17
-31.245
-31.315
-31.415
-31.49
-31.55
-31.595
-31.66
-31.705
-31.745
-31.81
-31.845
-31.865
-31.88
-31.89
-31.895
-31.905
-31.91
-31.915
-31.915
-31.91
-31.9
-31.89
-31.87
-31.85
-31.825
-31.79
-31.76
-31.72
-31.685
-31.825
-31.56
-31.495
-31.405
-31.31
-31.215
-31.12
-31.025
-30.905
-30.8
-30.685
-30.57
-30.46
-30.37
-30.21
-30.08
-29.94
-29.83
-29.7
-29.575
-29.465
-29.385
-29.375
-29.375
-29.375
-29.375
-29.375
-29.375
-29.375
-29.38
-29.375
-29.385
-29.38
-29.385
-29.38
-29.38
-29.38
-29.385
-29.38
-29.385
-29.38
-29.38
-29.38
-29.38
-29.375
-29.375
-29.375
-29.375
-29.375
-29.375
-29.375
-29.375
-29.375
-29.375
-29.375
-29.375
-29.375
-29.375
-29.375
-29.375
-29.375
-29.375
-29.375
-29.375
-29.38
-29.38
-29.38
-29.385
-29.385
-29.39
-29.39
-29.39
-29.395
-29.395
-29.4
-29.4
-28.995
-28.18
-27.405
-26.645
-26.145
-25.21
-24.25
-23.355
-22.505
-21.665
-20.805
-19.955
-19.14
-18.175
-17.27
-16.35
-15.4
-14.485
-13.54
-12.535
-11.585
-10.605
-9.615
-8.645
-7.66
-6.69
-5.685
-4.68
-3.655
-2.655
-1.655
-0.7
0.27
1.235
2.19
3.125
4.1
5.045
6.025
6.99
7.99
8.945
9.945
10.935
11.94
12.91
13.94
14.945
15.96
16.995
18.005
19.09
20.14
21.225
22.315
23.4
24.52
25.615
26.74
27.85
28.035
28.08
28.095
28.09
28.09
28.09
28.085
28.08
28.08
28.08
28.08
28.08
28.08
28.08
28.08
28.08
28.09
28.09
28.11
28.12
28.13
28.135
28.15
28.16
28.17
28.175
28.185
28.195
28.205
28.205
28.23
28.25
28.26
28.275
28.285
28.29
28.3
28.31
28.32
28.33
28.33
28.34
28.345
28.35
28.35
28.355
28.365
28.365
28.365
28.365
28.37
28.37
28.37
28.37
28.37
28.375
28.375
28.375
28.375
28.375
28.375
28.38
28.38
28.38
28.38
28.38
28.385
28.38
28.38
28.38
28.385
28.38
28.38
28.385
28.385
28.38
28.38
28.375
28.375
28.375
28.375
28.375
28.375
28.37
28.37
28.375
28.37
28.38
28.38
28.385
28.39
28.4
28.415
28.425
28.435
28.435
28.44
28.44
28.44
28.45
28.455
28.46
28.46
28.46
28.46
28.465
28.47
28.47
28.47
28.47
28.47
28.47
28.47
28.47
28.47
28.47
28.465
28.46
28.46
28.46
28.46
28.46
28.46
28.455
28.455
28.45
28.45
28.45
28.45
28.45
28.45
28.45
28.445
28.445
28.44
28.44
28.44
28.44
28.44
28.44
28.44
28.435
28.435
28.44
28.445
28.445
28.455
28.455
28.46
28.465
28.475
28.47
28.475
28.48
28.48
28.48
28.49
28.49
28.495
28.5
28.5
28.5
28.505
28.505
28.505
28.51
28.51
28.51
28.51
28.51
28.51
28.51
28.51
28.51
28.51
28.495
28.49
28.48
28.47
28.465
28.435
28.39
28.325
28.24
28.17
28.105
28.035
27.95
27.86
27.77
27.695
27.605
27.53
27.42
27.335
27.22
27.17
27.07
26.98
26.895
26.81
26.71
26.635
26.555
26.48
26.39
26.32
26.25
26.205
26.14
26.065
26.005
25.935
25.875
25.815
25.75
25.725
25.67
25.62
25.58
25.555
25.53
25.505
25.485
25.47
25.435
25.41
25.39
25.38
25.37
25.365
25.355
25.35
25.325
25.325
25.325
25.32
25.32
25.32
25.32
25.32
25.32
25.32
25.32
25.32
25.32
25.32
25.32
25.32
25.32
25.32
25.32
25.32
25.32
25.32
25.32
25.32
25.32
25.325
25.32
25.335
25.34
25.345
25.35
25.36
25.365
25.37
25.38
25.38
25.4
25.415
25.435
25.475
25.475
25.47
25.475
25.47
25.475
25.475
25.47
25.465
25.465
25.465
25.455
25.45
25.45
25.445
25.445
25.445
25.445
25.45
25.45
25.455
25.455
25.46
25.465
25.465
25.47
25.475
25.475
25.48
25.475
25.48
25.475
25.475
25.475
25.48
25.475
25.475
25.475
25.47
25.47
25.495
25.49
25.49
25.49
25.485
25.485
25.485
25.485
25.485
25.49
25.49
25.495
25.495
25.5
25.505
25.51
25.515
25.51
25.515
25.515
25.515
25.515
25.515
25.515
25.515
25.51
25.51
25.505
25.51
25.505
25.505
25.505
25.495
25.49
25.485
25.485
25.485
25.485
25.485
25.555
25.135
24.435
23.875
23.32
22.77
22.195
21.48
20.79
20.11
19.43
18.805
18.14
17.43
16.725
15.98
15.145
14.325
13.495
12.625
11.75
10.875
9.995
9.1
8.185
7.275
6.34
5.42
4.495
3.53
2.615
1.64
0.745
-0.205
-1.14
-2.075
-3.02
-3.975
-4.98
-5.825
-6.79
-7.725
-8.665
-9.61
-10.57
-11.535
-12.48
-13.43
-14.39
-15.35
-16.32
-17.3
-18.295
-19.27
-20.275
-21.275
-22.28
-23.3
-24.3
-25.325
-26.165
-26.215
-26.215
-26.225
-26.225
-26.225
-26.23
-26.23
-26.235
-26.23
-26.225
-26.225
-26.22
-26.215
-26.21
-26.205
-26.2
-26.195
-26.17
-25.895
-25.615
-25.325
-25.1
-24.87
-24.64
-24.405
-24.15
-23.905
-23.625
-23.365
-23.155
-23.15
-23.145
-23.15
-23.145
-22.875
-22.53
-22.39
-23.145
-23.75
-24.245
-24.72
-25.19
-25.695
-26.245
-26.87
-27.61
-28.37
-29.2
-29.75
-29.79
-29.785
-29.785
-29.78
-29.78
-29.78
-29.78
-29.78
-29.78
-29.775
-29.78
-29.775
-29.78
-29.78
-29.775
-29.78
-29.78
-29.78
-29.78
-29.775
-29.775
-29.775
-29.775
-29.78
-29.79
-29.805
-29.815
-29.825
-29.84
-29.845
-29.855
-29.87
-29.89
-29.9
-29.915
-30.16
-30.33
-30.515
-30.685
-30.81
-30.93
-31.04
-31.185
-31.265
-31.33
-31.44
-31.53
-31.6
-31.71
-31.79
-31.845
-31.875
-31.9
-31.93
-31.955
-31.975
-32
-32.035
-32.05
-32.085
-32.115
-32.12
-32.13
-32.145
-32.155
-32.16
-32.155
-32.15
-32.135
-32.115
-32.095
-32.065
-32.035
-32.005
-31.95
-31.885
-31.865
-31.715
-31.635
-31.535
-31.43
-31.32
-31.195
-31.085
-30.96
-30.83
-30.705
-30.57
-30.44
-30.285
-30.15
-30.005
-29.87
-29.735
-29.61
-29.58
-29.585
-29.59
-29.59
-29.595
-29.6
-29.6
-29.6
-29.605
-29.605
-29.61
-29.61
-29.61
-29.61
-29.61
-29.615
-29.615
-29.615
-29.615
-29.615
-29.615
-29.615
-29.615
-29.615
-29.615
-29.615
-29.615
-29.615
-29.605
-29.605
-29.605
-29.6
-29.595
-29.59
-29.59
-29.585
-29.58
-29.575
-29.57
-29.565
-29.565
-29.565
-29.565
-29.565
-29.565
-29.565
-29.565
-29.57
-29.57
-29.575
-29.575
-29.585
-29.585
-29.59
-29.59
-29.595
-29.595
-29.6
-29.605
-29.61
-29.61
-29.615
-29.615
-29.615
-29.615
-29.61
-28.94
-28.14
-27.335
-26.545
-25.75
-25.14
-24.185
-23.22
-22.32
-21.435
-20.555
-19.69
-18.815
-17.895
-16.975
-15.995
-15.025
-14.045
-13.095
-12.115
-11.155
-10.145
-9.175
-8.175
-7.175
-6.19
-5.235
-4.185
-3.205
-2.22
-1.22
-0.25
0.75
1.72
2.705
3.67
4.645
5.605
6.595
7.555
8.56
9.56
10.55
11.53
12.495
13.455
14.46
15.475
16.48
17.495
18.53
19.565
20.615
21.645
22.735
23.79
24.87
25.965
27.085
27.82
27.905
27.935
27.965
27.97
27.97
27.97
27.975
27.97
27.97
27.97
27.97
27.97
27.97
27.97
27.97
27.98
27.98
27.985
27.985
27.995
28.005
28.005
28.015
28.035
28.045
28.05
28.07
28.27
28.57
28.835
29.055
29.29
29.48
29.74
29.895
30.105
30.31
30.55
30.795
30.91
30.955
30.97
30.985
31
31.01
31.025
31.175
31.465
31.595
31.625
31.625
31.63
31.63
31.63
31.625
31.61
31.595
31.575
31.56
31.525
31.49
31.465
31.445
31.425
31.41
31.405
31.395
31.39
31.39
31.385
31.38
31.385
31.385
31.39
31.38
31.38
31.38
31.38
31.39
31.385
31.38
31.385
31.39
31.39
31.39
31.39
31.39
31.39
31.395
31.395
31.395
31.395
31.395
31.4
31.4
31.4
31.405
31.405
31.405
31.4
31.405
31.4
31.4
31.4
31.395
31.385
31.38
31.38
31.39
31.415
31.445
31.48
31.515
31.54
31.575
31.62
31.645
31.65
31.655
31.665
31.675
31.68
31.695
31.705
31.72
31.725
31.75
31.77
31.785
31.81
31.83
31.855
31.875
31.905
31.94
31.975
32.015
32.035
32.08
32.135
32.17
32.23
32.275
32.33
32.42
32.47
32.56
32.625
32.71
32.77
32.855
32.955
33.055
33.15
33.23
33.345
33.44
33.53
33.635
33.745
33.87
33.955
34.115
34.2
34.325
34.32
34.315
34.32
34.325
34.32
34.315
34.315
34.32
34.32
34.325
34.325
34.325
34.325
34.325
34.325
34.325
34.325
34.325
34.325
34.325
34.325
34.32
34.32
34.315
34.315
34.31
34.305
34.305
34.3
34.295
34.3
34.295
34.29
34.295
34.29
34.285
34.295
34.295
34.3
34.3
34.305
34.305
34.315
34.315
34.315
34.325
34.325
34.325
34.325
34.33
34.33
34.335
34.335
34.335
34.335
34.335
34.335
34.335
34.335
34.335
34.335
34.335
34.335
34.335
34.34
34.335
34.335
34.335
34.34
34.335
34.34
34.34
34.335
34.335
34.335
34.335
34.335
34.335
34.325
33.97
33.545
33.185
32.815
32.415
31.96
31.53
31.12
30.715
30.305
29.895
29.44
29.025
28.53
27.98
27.49
27
26.53
26.04
25.54
25.06
24.595
24.15
23.665
23.185
22.695
22.155
21.635
21.065
20.485
19.895
19.28
18.695
18.075
17.505
16.885
16.265
15.65
15.03
14.39
13.795
13.155
12.51
11.875
11.26
10.62
9.95
9.335
8.71
8.05
7.4
6.76
6.115
5.495
4.83
4.2
3.55
2.93
2.255
2.14
2.14
2.14
2.135
2.145
2.15
2.15
2.15
2.15
2.15
2.15
2.15
2.155
2.155
2.155
2.155
2.155
2.155
2.155
2.155
1.88
1.635
1.425
1.235
1.06
0.86
0.69
0.515
0.31
0.115
-0.1
-0.315
-0.365
-0.38
-0.385
-0.41
-0.415
-0.415
-0.425
-0.425
-0.43
-0.435
-0.43
-0.44
-0.44
-0.44
-0.445
-0.445
-0.445
-0.445
-0.445
-0.445
-0.445
-0.445
-0.445
-0.445
-0.445
-0.445
-0.445
-0.445
-0.445
-0.445
-0.445
-0.445
-0.445
-0.445
-0.445
-0.445
-0.445
-0.445
-0.445
-0.445
-0.445
-0.445
-0.44
-0.44
-0.44
-0.44
-0.44
-0.44
-0.44
-0.44
-0.44
-0.44
-0.44
-0.44
-0.44
-0.44
-0.44
-0.44
-0.44
-0.44
-0.43
-0.43
-0.425
-0.425
-0.425
-0.425
-0.425
-0.425
-0.425
-0.425
-0.425
-0.425
-0.425
-0.425
-0.43
-0.425
-0.43
-0.43
-0.43
-0.43
-0.43
-0.43
-0.43
-0.43
-0.43
-0.425
-0.43
-0.43
-0.43
-0.43
-0.43
-0.43
-0.43
-0.43
-0.43
-0.43
-0.43
-0.43
-0.43
-0.43
-0.425
-0.42
-0.425
-0.425
-0.425
-0.425
-0.425
-0.425
-0.425
-0.425
-0.43
-0.43
-0.43
-0.43
-0.43
-0.43
-0.43
-0.43
-0.43
-0.43
-0.43
-0.43
-0.43
-0.43
-0.43
-0.43
-0.43
-0.43
-0.43
-0.43
-0.43
-0.43
-0.43
-0.425
-0.43
-0.43
-0.43
-0.43
-0.43
-0.425
-0.44
-1.235
-2.245
-3.215
-4.17
-5.075
-6.08
-7.125
-8.15
-9.17
-10.21
-11.045
-12.275
-13.355
-14.44
-15.515
-16.575
-17.645
-18.715
-19.79
-20.88
-21.975
-23.08
-24.165
-25.275
-26.405
-27.525
-28.625
-29.755
-30.88
-31.975
-32.17
-32.175
-32.17
-32.17
-32.16
-32.16
-32.155
-32.15
-32.15
-32.15
-32.155
-32.155
-32.16
-32.16
-32.16
-32.16
-32.17
-32.175
-32.18
-32.18
-32.185
-32.19
-32.195
-32.195
-32.195
-32.205
-32.21
-32.26
-32.525
-32.765
-32.965
-33.15
-33.31
-33.5
-33.68
-33.87
-34.075
-34.275
-34.485
-34.66
-34.71
-34.73
-34.74
-34.755
-34.76
-34.785
-34.79
-34.8
-34.81
-34.82
-34.825
-34.825
-34.835
-34.835
-34.845
-34.85
-34.845
-34.85
-34.85
-34.855
-34.855
-34.855
-34.85
-34.85
-34.85
-34.845
-34.845
-34.845
-34.84
-34.835
-34.835
-34.835
-34.83
-34.835
-34.83
-34.83
-34.83
-34.83
-34.83
-34.835
-34.845
-34.855
-34.865
-34.865
-34.87
-34.88
-34.89
-34.905
-34.91
-34.92
-34.92
-35.055
-35.18
-35.27
-35.4
-35.525
-35.695
-35.91
-36.08
-36.185
-36.3
-36.405
-36.51
-36.63
-36.755
-36.865
-36.95
-37.065
-37.125
-37.195
-37.27
-37.31
-37.38
-37.43
-37.475
-37.56
-37.585
-37.64
-37.665
-37.7
-37.735
-37.755
-37.78
-37.785
-37.795
-37.8
-37.81
-37.805
-37.795
-37.775
-37.76
-37.74
-37.705
-37.67
-37.635
-37.595
-37.525
-37.455
-37.38
-37.285
-37.21
-37.11
-37.025
-36.915
-36.815
-36.7
-36.59
-36.48
-36.37
-36.265
-36.13
-36.075
-36.065
-36.06
-36.06
-36.06
-36.06
-36.07
-36.07
-36.07
-36.07
-36.07
-36.08
-36.08
-36.08
-36.08
-36.08
-36.08
-36.08
-36.08
-36.08
-36.075
-36.075
-36.08
-36.08
-36.08
-36.08
-36.08
-36.075
-36.08
-36.08
-36.075
-36.08
-36.075
-36.075
-36.07
-36.07
-36.075
-36.075
-36.08
-36.08
-36.08
-36.08
-36.08
-36.08
-36.075
-36.075
-36.07
-36.07
-36.065
-36.06
-36.055
-36.05
-36.045
-36.04
-36.035
-36.025
-36.02
-36.02
-36.015
-36.015
-36.015
-36.005
-36.005
-36
-35.995
-35.985
-35.985
-35.975
-35.975
-35.965
-35.965
-35.965
-35.965
-35.965
-35.965
-35.965
-35.97
-35.97
-35.975
-35.975
-35.985
-35.99
-35.99
-35.995
-36
-36.005
-36.01
-36.015
-36.02
-36.02
-36.02
-36.02
-36.02
-36.02
-36.015
-36.015
-36.005
-36.005
-36
-35.995
-35.995
-35.99
-35.985
-35.985
-35.98
-35.975
-35.975
-35.975
-35.975
-35.97
-35.97
-35.97
-35.97
-35.97
-35.975
-35.97
-35.97
-35.98
-35.98
-35.98
-35.84
-34.945
-34.02
-33.115
-32.235
-31.495
-30.42
-29.32
-28.29
-27.255
-26.225
-25.185
-24.14
-23.02
-21.895
-20.75
-19.62
-18.46
-17.295
-16.14
-14.95
-13.745
-12.535
-11.335
-10.155
-8.985
-7.79
-6.59
-5.465
-4.22
-3.03
-1.83
-0.63
0.58
1.795
2.985
4.175
5.415
6.585
7.785
9
10.245
11.465
12.695
13.945
15.205
16.42
17.675
18.92
20.185
21.45
22.695
23.905
25.21
26.505
27.84
29.145
30.525
31.905
33.26
33.895
33.985
34.01
34.03
34.04
34.045
34.05
34.055
34.05
34.055
34.055
34.055
34.055
34.055
34.055
34.055
34.055
34.06
34.055
34.06
34.065
34.065
34.075
34.075
34.085
34.09
34.1
34.105
34.115
34.16
34.175
34.19
34.2
34.21
34.215
34.215
34.22
34.225
34.22
34.23
34.23
34.23
34.23
34.23
34.235
34.295
34.355
34.355
34.37
34.405
34.41
34.42
34.42
34.425
34.44
34.44
34.43
34.415
34.395
34.38
34.36
34.345
34.33
34.185
34.315
34.3
34.295
34.285
34.27
34.27
34.26
34.24
34.24
34.23
34.215
34.215
34.205
34.2
34.195
34.19
34.18
34.18
34.18
34.18
34.17
34.17
34.16
34.175
34.19
34.215
34.235
34.26
34.3
34.315
34.37
34.45
34.49
34.55
34.605
34.71
34.77
34.895
35.01
35.135
35.28
35.285
35.285
35.285
35.285
35.285
35.285
35.29
35.285
35.285
35.285
35.285
35.285
35.285
35.28
35.275
35.275
35.265
35.27
35.27
35.265
35.27
35.375
35.39
35.39
35.44
35.47
35.505
35.52
35.565
35.6
35.65
35.665
35.71
35.74
35.735
35.735
35.735
35.74
35.735
35.735
35.74
35.735
35.74
35.735
35.735
35.735
35.73
35.735
35.725
35.725
35.725
35.715
35.71
35.705
35.7
35.7
35.695
35.695
35.695
35.7
35.7
35.705
35.705
35.715
35.715
35.725
35.725
35.73
35.735
35.735
35.74
35.735
35.74
35.655
34.795
34.025
33.265
32.5
31.73
30.785
29.915
29.015
28.185
27.33
26.49
25.585
24.66
23.67
22.645
21.595
20.5
19.4
18.28
17.165
16.065
14.91
13.77
12.62
11.49
10.33
9.185
8.015
6.885
5.725
4.6
3.45
2.27
1.135
-0.03
-1.205
-2.39
-3.595
-4.785
-5.985
-7.185
-8.4
-9.575
-10.785
-12.01
-13.17
-14.385
-15.605
-16.83
-18.075
-19.305
-20.525
-21.765
-22.985
-24.195
-25.45
-26.695
-27.95
-29.18
-29.36
-29.36
-29.365
-29.365
-29.365
-29.37
-29.37
-29.37
-29.37
-29.375
-29.375
-29.375
-29.38
-29.38
-29.38
-29.38
-29.385
-29.39
-29.39
-29.39
-30.16
-30.86
-31.355
-31.775
-32.195
-32.59
-33.055
-33.545
-34.055
-34.575
-35.1
-35.625
-35.71
-35.705
-35.705
-35.695
-35.69
-35.685
-35.685
-35.685
-35.685
-35.685
-35.685
-35.68
-35.685
-35.685
-35.685
-35.685
-35.685
-35.685
-35.685
-35.685
-35.69
-35.725
-35.745
-35.775
-35.8
-35.83
-35.85
-35.885
-35.89
-35.905
-35.91
-35.945
-35.945
-35.95
-36.145
-36.39
-36.545
-36.75
-37.11
-37.35
-37.535
-37.695
-37.845
-37.895
-37.945
-37.99
-38.015
-38.23
-38.435
-38.575
-38.7
-38.825
-38.93
-39
-39.07
-39.135
-39.205
-39.265
-39.335
-39.395
-39.445
-39.5
-39.535
-39.57
-39.615
-39.65
-39.68
-39.71
-39.74
-39.76
-39.77
-39.775
-39.775
-39.775
-39.77
-39.755
-39.735
-39.71
-39.68
-39.655
-39.615
-39.575
-39.525
-39.455
-39.38
-39.31
-39.23
-39.15
-39.07
-38.97
-38.875
-38.775
-38.68
-38.57
-38.455
-38.355
-38.245
-38.125
-38
-37.87
-37.745
-37.63
-37.505
-37.37
-37.24
-37.105
-36.97
-36.845
-36.725
-36.61
-36.6
-36.595
-36.59
-36.585
-36.58
-36.58
-36.57
-36.57
-36.57
-36.565
-36.56
-36.56
-36.56
-36.565
-36.565
-36.565
-36.565
-36.565
-36.565
-36.575
-36.575
-36.575
-36.575
-36.585
-36.585
-36.59
-36.595
-36.6
-36.605
-36.61
-36.61
-36.61
-36.61
-36.61
-36.62
-36.615
-36.615
-36.61
-36.61
-36.605
-36.595
-36.59
-36.59
-36.585
-36.58
-36.58
-36.575
-36.57
-36.565
-36.56
-36.56
-36.555
-36.55
-36.545
-36.545
-36.545
-36.545
-36.545
-36.54
-36.545
-36.52
-35.635
-34.655
-33.69
-32.725
-31.795
-30.98
-29.81
-28.685
-27.575
-26.505
-25.43
-24.335
-23.22
-22.04
-20.885
-19.71
-18.53
-17.385
-16.21
-15.005
-13.8
-12.595
-11.395
-10.145
-8.925
-7.67
-6.425
-5.185
-3.965
-2.74
-1.495
-0.265
0.98
2.23
3.48
4.695
5.96
7.2
8.445
9.685
10.93
12.18
13.415
14.535
15.94
17.21
18.475
19.775
21.035
22.3
23.615
24.905
26.205
27.565
28.855
30.135
31.43
32.795
34.155
35.16
35.255
35.295
35.31
35.32
35.325
35.32
35.32
35.33
35.33
35.335
35.335
35.335
35.335
35.335
35.335
35.335
35.325
35.325
35.325
35.32
35.32
35.33
35.335
35.36
35.35
35.365
35.395
35.43
35.46
35.465
35.47
35.48
35.49
35.495
35.51
35.545
35.645
35.655
35.665
35.68
35.68
35.67
35.66
35.65
35.625
35.6
35.575
35.55
35.51
35.46
35.395
35.36
35.33
35.295
35.255
35.24
35.205
35.18
35.16
35.145
35.13
35.125
35.1
35.085
35.075
35.05
35.03
35.01
35
34.985
34.965
34.96
34.95
34.94
34.925
34.915
34.915
34.905
34.895
34.9
34.905
34.91
34.915
34.915
34.915
34.915
34.925
34.95
34.99
35.06
35.135
35.215
35.305
35.41
35.535
35.56
35.56
35.56
35.555
35.55
35.55
35.55
35.54
35.54
35.53
35.53
35.53
35.53
35.52
35.52
35.52
35.52
35.52
35.225
34.7
34.285
33.92
33.525
33.145
32.685
32.27
31.805
31.22
30.705
30.21
29.68
29.2
28.67
28.14
27.645
27.12
26.635
26.135
25.62
25.09
24.545
23.955
23.36
22.755
22.135
21.515
20.865
20.235
19.585
18.945
18.265
17.63
16.965
16.295
15.615
14.98
14.335
13.66
12.975
12.28
11.64
10.95
10.25
9.54
8.85
8.205
7.515
6.84
6.165
5.5
4.81
4.135
3.445
2.765
2.07
1.385
0.715
0.19
0.185
0.19
0.195
0.2
0.205
0.2
0.2
0.205
0.205
0.2
0.205
0.2
0.205
0.205
0.205
0.2
0.03
-0.13
-0.26
-0.35
-0.455
-0.55
-0.7
-0.83
-0.98
-1.125
-1.27
-1.42
-1.54
-1.685
-1.8
-2.02
-2.19
-2.325
-2.48
-2.62
-2.735
-2.905
-3.005
-3.125
-3.225
-3.365
-3.485
-3.62
-3.725
-3.875
-3.975
-4.095
-4.22
-4.355
-4.47
-4.555
-4.675
-4.795
-4.89
-5.005
-5.12
-5.22
-5.325
-5.42
-5.525
-5.62
-5.725
-5.81
-5.905
-6
-6.09
-6.175
-6.275
-6.35
-6.44
-6.515
-6.59
-6.665
-6.74
-6.795
-6.8
-6.805
-6.805
-6.815
-6.815
-6.815
-6.815
-6.815
-6.82
-6.82
-6.83
-6.835
-6.84
-6.845
-6.845
-6.845
-6.845
-6.845
-6.845
-6.845
-6.845
-6.84
-6.84
-6.84
-6.84
-6.835
-6.835
-6.835
-6.835
-6.795
-6.515
-6.165
-5.865
-5.585
-5.31
-5.03
-4.685
-4.335
-3.985
-3.605
-3.22
-2.915
-2.895
-2.895
-2.895
-2.895
-2.895
-2.895
-2.895
-2.895
-2.895
-2.895
-2.9
-2.905
-2.905
-2.905
-2.87
-2.71
-2.43
-2.16
-1.91
-1.635
-1.385
-1.125
-0.86
-0.605
-0.36
-0.105
-0.085
-0.085
-0.085
-0.08
-0.08
-0.08
-0.08
-0.08
-0.08
-0.08
-0.08
-0.08
-0.085
-0.085
-0.085
-0.085
-0.085
-0.085
-0.085
-0.09
-0.085
-0.08
-0.08
-0.08
-0.08
-0.065
-0.065
-0.06
-0.055
-0.055
-0.055
-0.04
-0.035
-0.03
0.025
0.09
0.22
0.295
0.415
0.545
0.56
0.575


